Rank,Word,Score,Match,Exact,Frequency
1,STARE,4738.0,4078,1320,0.000701
2,AROSE,4704.5,4083,1243,0.002316
3,RAISE,4691.0,4057,1268,0.005291
4,IRATE,4691.0,4107,1168,6.5e-05
5,ARISE,4690.0,4057,1266,0.003953
6,SANER,4627.0,3959,1336,0
7,SNARE,4624.0,3959,1330,0.00021
8,LATER,4622.0,4106,1032,0.029636
9,SLATE,4604.0,3888,1432,0.000938
10,ALTER,4596.5,4106,981,0.00227
11,CRATE,4573.0,3907,1332,0.000182
12,ALERT,4566.0,4106,920,0.001214
13,STALE,4554.0,3888,1332,0.000403
14,TRACE,4554.0,3907,1294,0.003142
15,SCARE,4498.5,3857,1283,0.000339
16,TEARY,4482.0,3877,1210,1.9e-05
17,SHARE,4481.5,3788,1387,0.012293
18,CATER,4478.5,3907,1143,0.000219
19,CRANE,4475.5,3788,1375,0.001163
20,STORE,4472.5,3844,1257,0.006293
21,LEARN,4444.0,3987,914,0.008237
22,TRADE,4437.5,3831,1213,0.028207
23,REACT,4434.5,3907,1055,0.001134
24,ALONE,4417.5,3824,1187,0.014774
25,LEAST,4417.0,3888,1058,0.02993
26,SPARE,4408.0,3756,1304,0.001672
27,SAUTE,4396.5,3699,1395,4.5e-05
28,EARLY,4387.5,3855,1065,0.031025
29,RENAL,4387.0,3987,800,0.001818
30,GRATE,4384.5,3760,1249,0.000334
31,ATONE,4378.0,3846,1064,0.000104
32,AISLE,4369.5,3867,1005,0.000453
33,CLEAR,4359.5,3885,949,0.020073
34,SNORE,4358.5,3725,1267,4.1e-05
35,PARSE,4356.5,3756,1201,6.9e-05
36,STEAL,4356.0,3888,936,0.000747
37,LEANT,4353.5,3819,1069,9.4e-05
38,HEART,4347.5,3838,1019,0.019077
39,RELAY,4347.0,3855,984,0.000789
40,HATER,4345.0,3838,1014,6.6e-05
41,GLARE,4334.5,3738,1193,0.000455
42,BLARE,4330.5,3705,1251,2.7e-05
43,LAYER,4330.0,3855,950,0.006382
44,PALER,4327.5,3784,1087,0.000253
45,TAPER,4326.0,3806,1040,0.000303
46,ALIEN,4325.0,3798,1054,0.001786
47,ADORE,4323.5,3836,975,0.000194
48,SHEAR,4318.0,3788,1060,0.001701
49,SCALE,4314.5,3667,1295,0.012411
50,LOSER,4310.0,3822,976,0.000184
51,SHALE,4297.5,3598,1399,0.001467
52,STOLE,4288.5,3654,1269,0.00056
53,SIREN,4287.5,3699,1177,0.00017
54,AIDER,4283.0,3810,946,2.3e-05
55,TAMER,4281.0,3759,1044,3.7e-05
56,PEARL,4280.5,3784,993,0.001258
57,TRICE,4274.0,3647,1254,4.7e-05
58,TREAD,4267.5,3831,873,0.00053
59,BALER,4264.5,3705,1119,0
60,LARGE,4264.0,3738,1052,0.049779
61,CASTE,4260.5,3689,1143,0.000925
62,ROAST,4254.0,3697,1114,0.000391
63,FLARE,4251.5,3645,1213,0.000332
64,GREAT,4247.0,3760,974,0.0685
65,EARTH,4245.5,3838,815,0.014159
66,SPEAR,4244.5,3756,977,0.00064
67,SOLAR,4240.0,3675,1130,0.003441
68,ROUTE,4238.0,3683,1110,0.00534
69,SCORE,4233.0,3623,1220,0.00312
70,LAGER,4232.0,3738,988,6.9e-05
71,STAIR,4230.0,3671,1118,0.000297
72,SAFER,4229.0,3617,1224,0.000688
73,CANOE,4221.5,3625,1193,0.00056
74,PLATE,4220.0,3616,1208,0.008564
75,RINSE,4217.0,3699,1036,0.00026
76,TRAIL,4216.5,3699,1035,0.002232
77,SHORE,4216.0,3554,1324,0.004132
78,CLEAT,4212.0,3717,990,3.4e-05
79,TENOR,4210.5,3775,871,0.000536
80,CRONE,4210.0,3554,1312,5.5e-05
81,LINER,4204.5,3727,955,0.000454
82,ROUSE,4204.0,3633,1142,0.000324
83,ERASE,4202.0,3583,1238,0.000222
84,SHIRE,4201.5,3528,1347,0.00029
85,STONE,4201.5,3557,1289,0.009242
86,TRIAL,4198.5,3699,999,0.014256
87,SMEAR,4186.0,3709,954,0.000226
88,SAUCE,4181.0,3478,1406,0.001023
89,DEALT,4177.5,3641,1073,0.002895
90,YEARN,4174.5,3758,833,8.5e-05
91,STERN,4169.5,3720,899,0.001408
92,GRACE,4169.0,3539,1260,0.005154
93,WATER,4167.5,3654,1027,0.06502
94,BRACE,4165.0,3506,1318,0.000555
95,STAGE,4165.0,3542,1246,0.013588
96,REALM,4165.0,3737,856,0.001744
97,RANGE,4163.0,3641,1044,0.01967
98,TAKER,4160.5,3663,995,0.000129
99,SONAR,4155.5,3578,1155,0.000143
100,CREST,4151.0,3618,1066,0.000952
101,LANCE,4148.0,3598,1100,0.000577
102,YEAST,4147.5,3659,977,0.000869
103,PROSE,4144.0,3522,1244,0.001442
104,SPORE,4142.5,3522,1241,0.000272
105,EATER,4141.5,3633,1017,0.000134
106,AFIRE,4139.0,3646,986,4.5e-05
107,TROPE,4137.5,3572,1131,8.7e-05
108,PASTE,4131.0,3588,1086,0.000877
109,INTER,4130.0,3749,762,0.003358
110,TRIED,4130.0,3571,1118,0.009949
111,CAPER,4129.5,3585,1089,4.7e-05
112,SPIRE,4128.0,3496,1264,0.000226
113,SUITE,4127.5,3439,1377,0.001931
114,HASTE,4127.0,3620,1014,0.000733
115,LATHE,4124.0,3648,952,0.000306
116,NOISE,4123.5,3536,1175,0.005066
117,TRIPE,4123.0,3546,1154,3.7e-05
118,URINE,4123.0,3538,1170,0.001955
119,PLANE,4122.5,3497,1251,0.005764
120,READY,4122.5,3580,1085,0.01059
121,OUTER,4116.5,3683,867,0.004516
122,RISEN,4116.0,3699,834,0.001265
123,SLICE,4108.5,3407,1403,0.000636
124,CAUSE,4108.0,3478,1260,0.023538
125,TRAIN,4107.0,3602,1010,0.006463
126,HORSE,4106.0,3554,1104,0.007306
127,REGAL,4103.0,3738,730,0.000229
128,INERT,4099.5,3749,701,0.000527
129,RAMEN,4099.0,3640,918,1e-05
130,RATIO,4094.0,3726,736,0.008349
131,PLIER,4092.5,3524,1137,8e-06
132,DRONE,4090.5,3478,1225,0.000146
133,DRAPE,4087.0,3509,1156,6.2e-05
134,LAPSE,4086.5,3566,1041,0.000744
135,REACH,4086.5,3617,939,0.008376
136,LEAPT,4084.5,3616,937,0.000219
137,SWEAR,4084.0,3604,960,0.000874
138,TABLE,4083.5,3537,1093,0.038149
139,SNARL,4082.5,3551,1063,6.8e-05
140,PLEAT,4082.5,3616,933,1.7e-05
141,BEAST,4081.0,3509,1144,0.001078
142,PRONE,4080.5,3453,1255,0.000824
143,FERAL,4073.0,3645,856,8.5e-05
144,SAINT,4069.0,3384,1370,0.003308
145,LEASH,4069.0,3598,942,0.000117
146,BASTE,4068.0,3509,1118,3.8e-05
147,SKATE,4066.0,3445,1242,0.000107
148,STEAD,4062.5,3613,899,0.000446
149,AFTER,4061.5,3667,789,0.110122
150,TEASE,4059.5,3415,1289,0.000167
151,SOBER,4058.0,3443,1230,0.00068
152,STAKE,4057.5,3445,1225,0.001253
153,OPERA,4057.0,3811,492,0.002111
154,PAYER,4057.0,3555,1004,0.000171
155,RESIN,4056.0,3699,714,0.001043
156,CEDAR,4054.0,3610,888,0.001027
157,ENACT,4054.0,3620,868,0.000794
158,ANGER,4053.0,3641,824,0.002573
159,GRADE,4052.5,3463,1179,0.007744
160,CLOSE,4050.0,3433,1234,0.019273
161,AGILE,4049.5,3549,1001,0.000162
162,ASIDE,4048.5,3592,913,0.005277
163,ARGUE,4038.0,3549,978,0.002695
164,POSER,4037.0,3522,1030,2.2e-05
165,ECLAT,4036.5,3717,639,1.7e-05
166,SLANT,4036.0,3383,1306,0.000192
167,TRUCE,4033.5,3457,1153,0.000343
168,FARCE,4033.0,3446,1174,0.00026
169,CLEAN,4031.5,3598,867,0.005548
170,TRIBE,4031.0,3467,1128,0.002224
171,ANODE,4029.5,3549,961,0.000494
172,TREAT,4026.0,3522,1008,0.003561
173,PANEL,4024.5,3497,1055,0.004043
174,PETAL,4021.0,3616,810,0.000122
175,BLEAT,4019.5,3537,965,1.9e-05
176,REPAY,4019.5,3555,929,0.000577
177,CHASE,4019.5,3399,1241,0.00172
178,SPACE,4019.0,3367,1304,0.019334
179,GRAPE,4018.0,3438,1160,0.00065
180,MEANT,4016.5,3472,1089,0.006806
181,CADET,4016.0,3442,1148,0.000285
182,ELATE,4012.5,3443,1139,1.7e-05
183,SEPIA,4009.0,3567,884,7.1e-05
184,HAUTE,4008.5,3459,1099,0.000214
185,CRAVE,4007.0,3388,1238,0.000154
186,STRAY,4006.5,3441,1131,0.000453
187,LEASE,4006.5,3393,1227,0.00429
188,LOUSE,4005.0,3443,1124,0.000104
189,PLACE,4004.5,3395,1219,0.053418
190,BRINE,4003.0,3348,1310,0.000417
191,FEAST,4002.0,3449,1106,0.001206
192,FORTE,4002.0,3433,1138,0.000163
193,FALSE,3999.0,3427,1144,0.005753
194,STAVE,3998.5,3391,1215,0.000137
195,NURSE,3998.0,3509,978,0.002973
196,GAYER,3998.0,3509,978,2.8e-05
197,THEIR,3998.0,3578,840,0.256934
198,OLDER,3998.0,3575,846,0.007037
199,WROTE,3996.5,3420,1153,0.009251
200,ISLET,3994.5,3628,733,0.000166
201,ALIKE,3993.5,3452,1083,0.00229
202,SALVE,3993.0,3369,1248,8.9e-05
203,SLIDE,3992.0,3331,1322,0.001848
204,CLONE,3986.5,3364,1245,0.000236
205,CRUEL,3986.5,3435,1103,0.001437
206,STEIN,3984.5,3531,907,0.000623
207,BORNE,3983.5,3374,1219,0.002458
208,HEARD,3983.0,3541,884,0.015502
209,CORAL,3982.5,3504,957,0.000799
210,WRITE,3982.0,3394,1176,0.010698
211,SWORE,3982.0,3370,1224,0.000469
212,ACUTE,3981.0,3528,906,0.004264
213,SEDAN,3980.5,3494,973,0.0002
214,CAROL,3980.0,3504,952,0.000867
215,LADEN,3979.0,3522,914,0.000711
216,PAUSE,3978.5,3377,1203,0.001358
217,CURSE,3976.5,3407,1139,0.000894
218,AVERT,3976.5,3609,735,0.000275
219,SHADE,3976.0,3323,1306,0.001859
220,WEARY,3974.5,3403,1143,0.001035
221,DELTA,3974.0,3641,666,0.001695
222,TIGER,3973.5,3500,947,0.00073
223,POISE,3972.5,3333,1279,0.000139
224,SLOPE,3972.0,3332,1280,0.002867
225,SOWER,3970.0,3370,1200,5.2e-05
226,TIMER,3969.5,3499,941,0.000282
227,ARTSY,3967.5,3441,1053,9e-06
228,SCONE,3962.0,3336,1252,3.5e-05
229,RAINY,3961.5,3351,1221,0.000563
230,CHORE,3961.5,3383,1157,0.000102
231,CREAM,3961.0,3538,846,0.002739
232,INLET,3961.0,3559,804,0.001228
233,MERIT,3960.0,3499,922,0.002725
234,STATE,3958.5,3304,1309,0.117143
235,METAL,3957.0,3569,776,0.010224
236,SPITE,3954.5,3328,1253,0.003791
237,CARVE,3954.0,3388,1132,0.000163
238,PERIL,3953.0,3524,858,0.000652
239,ARSON,3952.5,3578,749,0.000217
240,STEAM,3952.5,3541,823,0.006311
241,FLIER,3950.5,3385,1131,4.9e-05
242,THOSE,3950.5,3386,1129,0.093849
243,WASTE,3949.5,3436,1027,0.007614
244,RELIC,3948.5,3625,647,0.00025
245,PRICE,3948.0,3325,1246,0.02469
246,SINCE,3947.5,3310,1275,0.050869
247,UTILE,3947.0,3467,960,3.1e-05
248,DRAKE,3946.5,3366,1161,0.000688
249,ONSET,3946.5,3557,779,0.001502
250,SHONE,3945.0,3267,1356,0.000585
251,SNAKE,3943.5,3326,1235,0.001122
252,RAVEN,3943.0,3490,906,0.000446
253,ANIME,3942.5,3451,983,2.6e-05
254,MATEY,3942.0,3340,1204,1e-05
255,SHAPE,3941.5,3298,1287,0.007462
256,SLAIN,3941.5,3362,1159,0.000664
257,DINER,3941.5,3452,979,0.000138
258,TEACH,3940.5,3449,983,0.003669
259,NICER,3940.0,3528,824,0.000104
260,SKIER,3938.5,3353,1171,4.2e-05
261,SATYR,3938.5,3441,995,6e-05
262,TROVE,3938.0,3375,1126,5.1e-05
263,GONER,3937.5,3407,1061,1.1e-05
264,SWEAT,3936.5,3436,1001,0.000972
265,ALIVE,3934.5,3398,1073,0.00339
266,VALET,3934.0,3419,1030,0.000163
267,CRIED,3933.5,3350,1167,0.002892
268,OTHER,3932.5,3604,657,0.208524
269,SHINE,3930.5,3241,1379,0.000725
270,WORSE,3928.5,3370,1117,0.004204
271,BARGE,3928.0,3359,1138,0.000621
272,STYLE,3925.5,3398,1055,0.008489
273,BEARD,3924.0,3430,988,0.000982
274,TREND,3919.5,3473,893,0.00344
275,SLIME,3919.5,3259,1321,0.000189
276,MEATY,3918.5,3340,1157,4.5e-05
277,STEER,3918.5,3344,1149,0.000472
278,SATIN,3918.0,3384,1068,0.000338
279,HAREM,3917.0,3469,896,0.000116
280,TRASH,3917.0,3402,1030,0.000494
281,TERSE,3917.0,3344,1146,0.000103
282,CHEAT,3916.0,3449,934,0.000288
283,PENAL,3915.0,3497,836,0.001182
284,EMAIL,3912.5,3548,729,0.001133
285,TOWER,3912.0,3420,984,0.003153
286,COAST,3911.5,3308,1207,0.009063
287,ENTRY,3911.0,3519,784,0.006841
288,SMOTE,3910.5,3307,1207,0.000142
289,SALON,3909.5,3388,1043,0.000361
290,MEALY,3908.0,3318,1180,6.1e-05
291,MISER,3908.0,3449,918,9.6e-05
292,REMIT,3908.0,3499,818,0.000309
293,OVATE,3907.5,3446,923,0.000346
294,CAIRN,3905.0,3381,1048,8.6e-05
295,TRIAD,3905.0,3424,962,0.000228
296,TERRA,3904.0,3521,766,0.000422
297,SHAME,3903.5,3251,1305,0.001673
298,SPADE,3902.5,3291,1223,0.000235
299,STAIN,3902.0,3384,1036,0.000749
300,CREAK,3900.5,3442,917,6.8e-05
301,OCEAN,3900.0,3625,550,0.005035
302,SNAIL,3897.5,3362,1071,0.000234
303,IDLER,3897.0,3549,696,8.7e-05
304,FRAME,3897.0,3298,1198,0.005652
305,SMITE,3896.0,3281,1230,8.9e-05
306,GAMER,3896.0,3391,1010,2.3e-05
307,RECAP,3895.0,3585,620,4.5e-05
308,IDEAL,3894.0,3620,548,0.004788
309,SALTY,3893.0,3251,1284,0.000159
310,STEAK,3892.0,3445,894,0.000297
311,ANGLE,3890.0,3451,878,0.005463
312,PHASE,3890.0,3298,1184,0.011014
313,CRIME,3888.5,3278,1221,0.00662
314,SPIEL,3888.5,3306,1165,2.4e-05
315,SNORT,3888.0,3339,1098,8.9e-05
316,LEACH,3887.5,3427,921,0.000386
317,CABLE,3887.0,3316,1142,0.003794
318,SMILE,3885.5,3259,1253,0.00428
319,DANCE,3885.0,3323,1124,0.003617
320,DELAY,3885.0,3390,990,0.004816
321,TRITE,3883.5,3262,1243,9.2e-05
322,CRAZE,3881.5,3275,1213,0.000104
323,HOTEL,3880.0,3414,932,0.005725
324,SMART,3879.0,3323,1112,0.001639
325,FETAL,3879.0,3477,804,0.000875
326,TONAL,3879.0,3438,882,0.000198
327,BREAD,3878.5,3430,897,0.003555
328,SUPER,3874.5,3306,1137,0.001844
329,FILER,3874.0,3385,978,6.2e-05
330,BRAKE,3873.5,3262,1223,0.001264
331,MINER,3867.5,3380,975,0.000639
332,CAMEL,3866.0,3348,1036,0.000405
333,SURGE,3865.5,3260,1211,0.00058
334,LATTE,3863.5,3332,1063,2.9e-05
335,CEASE,3863.0,3194,1338,0.002061
336,HEIST,3860.0,3360,1000,2.2e-05
337,BRUTE,3860.0,3277,1166,0.00038
338,LOWER,3859.0,3398,922,0.022507
339,METRO,3858.5,3525,667,0.000512
340,TILDE,3857.5,3381,953,1.3e-05
341,EASEL,3857.5,3393,929,9.3e-05
342,SPINE,3857.0,3209,1296,0.001256
343,VOTER,3856.5,3375,963,0.000687
344,POLAR,3856.0,3403,906,0.001292
345,AGENT,3854.5,3473,763,0.010142
346,HERON,3852.5,3485,735,0.000224
347,CIDER,3852.0,3350,1004,0.000257
348,TALON,3851.5,3438,827,5.8e-05
349,TASTE,3851.0,3304,1094,0.004093
350,SLEPT,3849.5,3327,1045,0.001167
351,PURSE,3847.0,3306,1082,0.000817
352,NOSEY,3845.0,3306,1078,1.3e-05
353,CAMEO,3844.5,3375,939,7.3e-05
354,ULCER,3844.5,3435,819,0.000559
355,ACTOR,3843.5,3526,635,0.001512
356,UNITE,3843.5,3370,947,0.000984
357,GLEAN,3843.0,3451,784,7.5e-05
358,RESET,3842.5,3344,997,0.00032
359,RIFLE,3842.5,3385,915,0.001158
360,SUAVE,3841.5,3180,1323,5.3e-05
361,DREAM,3841.5,3462,759,0.003963
362,DEATH,3840.0,3373,934,0.026242
363,WREST,3840.0,3365,950,9.4e-05
364,SCENT,3839.5,3331,1017,0.000681
365,ROYAL,3839.0,3474,730,0.009183
366,TAPIR,3839.0,3399,880,2.2e-05
367,SNIDE,3838.5,3234,1209,2.2e-05
368,ROUGE,3838.5,3315,1047,0.000591
369,NAIVE,3838.0,3301,1074,0.000469
370,SPELT,3836.0,3327,1018,0.000136
371,ANGEL,3834.5,3451,767,0.001788
372,SERIF,3833.5,3357,953,3.1e-05
373,SCARY,3832.5,3220,1225,0.000207
374,TAKEN,3832.5,3376,913,0.037977
375,RIPEN,3832.5,3427,811,0.000162
376,GRAIL,3831.5,3331,1001,0.000122
377,PRIDE,3831.5,3249,1165,0.003052
378,GLADE,3829.0,3273,1112,0.000103
379,SHALT,3827.0,3212,1230,0.000777
380,ARENA,3825.5,3411,829,0.000848
381,PRUNE,3825.5,3237,1177,0.000146
382,LOVER,3825.5,3353,945,0.001624
383,RECUT,3825.5,3457,737,1.1e-05
384,BLADE,3825.0,3240,1170,0.001657
385,DEBAR,3821.0,3430,782,4e-05
386,MOTEL,3820.0,3335,970,0.000334
387,CREPT,3818.5,3346,945,0.000497
388,GRAVE,3818.5,3241,1155,0.003178
389,GRANT,3816.5,3255,1123,0.010559
390,BRAVE,3814.5,3208,1213,0.001584
391,EATEN,3813.5,3346,935,0.001279
392,LITHE,3812.5,3388,849,7.2e-05
393,RIVET,3812.0,3349,926,0.00018
394,FACET,3811.0,3278,1066,0.000288
395,SLEET,3810.5,3154,1313,9.7e-05
396,HORDE,3808.0,3307,1002,0.000129
397,ASHEN,3807.5,3501,613,5.7e-05
398,STORY,3806.5,3207,1199,0.015216
399,CUTIE,3805.0,3268,1074,0
400,SNEER,3804.5,3225,1159,0.000155
401,SNIPE,3804.0,3209,1190,8.4e-05
402,PRIED,3804.0,3249,1110,4.7e-05
403,SHAKE,3801.0,3155,1292,0.001363
404,GRUEL,3798.0,3288,1020,6.3e-05
405,REFIT,3798.0,3407,782,3.8e-05
406,AMUSE,3798.0,3330,936,0.000249
407,RACER,3797.5,3300,995,6e-05
408,ROGUE,3792.5,3315,955,0.000276
409,MOLAR,3792.0,3356,872,0.000506
410,STOKE,3792.0,3211,1162,0.000189
411,AGREE,3792.0,3265,1054,0.007434
412,DRAIN,3791.0,3305,972,0.001587
413,WISER,3790.5,3344,893,0.000421
414,RELAX,3790.0,3476,628,0.000769
415,REIGN,3790.0,3381,818,0.002531
416,FINER,3789.5,3288,1003,0.000817
417,MORAL,3789.0,3356,866,0.008495
418,BLUER,3789.0,3255,1068,2.2e-05
419,BATHE,3788.0,3269,1038,0.000204
420,ULTRA,3787.5,3509,557,0.000819
421,FORCE,3786.5,3212,1149,0.025493
422,OAKEN,3783.5,3381,805,4.9e-05
423,DECAL,3782.5,3420,725,2.4e-05
424,LUNAR,3781.5,3390,783,0.000666
425,STRAP,3781.5,3370,823,0.000403
426,RADIO,3779.0,3429,700,0.007209
427,SNEAK,3778.0,3326,904,0.000198
428,WAGER,3777.5,3286,983,0.000204
429,SMELT,3777.5,3280,995,0.000157
430,SCREE,3777.0,3123,1308,3.1e-05
431,UNTIE,3775.5,3370,811,5.1e-05
432,MAPLE,3773.0,3247,1052,0.000758
433,BAKER,3771.5,3262,1019,0.002659
434,DAIRY,3770.5,3173,1195,0.002719
435,MAKER,3770.5,3294,953,0.001654
436,BRIDE,3768.5,3170,1197,0.001202
437,PARER,3768.0,3199,1138,7e-06
438,ANKLE,3765.5,3354,823,0.000556
439,SINGE,3763.5,3163,1201,2.4e-05
440,CREDO,3760.5,3376,769,8.8e-05
441,LIVER,3760.5,3327,867,0.003388
442,ERUPT,3759.5,3356,807,7.4e-05
443,PRIME,3759.0,3177,1164,0.005069
444,REPLY,3758.5,3294,929,0.004658
445,ACORN,3758.5,3407,703,0.000119
446,USAGE,3757.5,3331,853,0.002195
447,SCANT,3757.0,3184,1146,0.000313
448,HAIRY,3756.5,3180,1153,0.000433
449,CHART,3756.5,3231,1051,0.003008
450,ABUSE,3755.0,3298,914,0.004238
451,CHOSE,3754.0,3165,1178,0.002245
452,BLAME,3752.5,3168,1169,0.001865
453,GROPE,3752.5,3204,1097,5.2e-05
454,DECOR,3752.0,3376,752,0.000154
455,EAGER,3751.5,3265,973,0.001554
456,SHOAL,3751.5,3217,1069,0.000264
457,OPINE,3750.0,3264,972,2.3e-05
458,RETCH,3750.0,3378,744,1.1e-05
459,SPENT,3749.0,3230,1038,0.007822
460,LEAKY,3748.5,3222,1053,0.000122
461,FRAIL,3748.5,3238,1021,0.000351
462,ABORT,3747.0,3346,802,9.5e-05
463,SOLVE,3746.5,3135,1223,0.00262
464,SHORT,3745.5,3168,1155,0.024686
465,CAGEY,3745.5,3120,1251,1.2e-05
466,FLAIR,3743.5,3238,1011,0.000121
467,LEAFY,3742.5,3226,1033,0.000247
468,SHAVE,3742.0,3101,1282,0.000193
469,LOATH,3741.0,3267,948,0.000108
470,AMBER,3740.0,3358,764,0.000534
471,SPICE,3739.0,3107,1264,0.000307
472,DIARY,3739.0,3173,1132,0.001343
473,GRIPE,3738.0,3178,1120,3.9e-05
474,PLAIT,3738.0,3209,1058,4.6e-05
475,TUBER,3737.0,3277,920,0.00015
476,STOVE,3733.0,3157,1152,0.000878
477,STARK,3732.5,3227,1011,0.000771
478,ELITE,3732.5,3183,1099,0.001222
479,WHALE,3732.0,3174,1116,0.000654
480,NAVEL,3731.5,3300,863,0.000136
481,SHIRT,3731.0,3142,1178,0.001739
482,HOUSE,3728.0,3175,1106,0.053721
483,RAYON,3727.0,3377,700,0.000245
484,UNSET,3726.5,3341,771,1.3e-05
485,FILET,3726.5,3217,1019,3.2e-05
486,PARTY,3724.5,3169,1111,0.02705
487,ROACH,3724.5,3236,977,0.000201
488,AZURE,3724.5,3285,879,0.000194
489,GRAIN,3722.0,3234,976,0.006219
490,CRASH,3720.5,3181,1079,0.000958
491,CRUDE,3720.5,3160,1121,0.002602
492,LABOR,3719.5,3324,791,0.020068
493,PROBE,3719.5,3171,1097,0.001253
494,CHAIR,3719.0,3210,1018,0.006121
495,BOAST,3719.0,3128,1182,0.000549
496,TARDY,3718.5,3194,1049,0.000123
497,GROAN,3718.5,3260,917,0.000268
498,BRAIN,3718.0,3201,1034,0.00673
499,PLEAD,3718.0,3319,798,0.000693
500,STAID,3718.0,3206,1024,0.000138
501,COWER,3715.5,3199,1033,3e-05
502,DEITY,3712.5,3152,1121,0.000755
503,ABODE,3712.0,3267,890,0.000553
504,EXALT,3711.5,3308,807,0.000125
505,SAVOR,3709.0,3178,1062,8.9e-05
506,ESTER,3708.5,3344,729,0.000484
507,BREAK,3708.0,3262,892,0.006402
508,DROIT,3706.0,3190,1032,0.000186
509,PEDAL,3706.0,3319,774,0.000295
510,SERUM,3705.5,3259,893,0.002616
511,MANOR,3705.0,3259,892,0.000984
512,HOMER,3704.5,3235,939,0.001002
513,EXTRA,3703.0,3498,410,0.00554
514,THREE,3702.0,3104,1196,0.070366
515,REHAB,3701.0,3437,528,0.000107
516,GRIME,3700.0,3131,1138,6.6e-05
517,STEEL,3700.0,3154,1092,0.012579
518,NADIR,3698.0,3305,786,9.9e-05
519,ABIDE,3697.5,3241,913,0.000621
520,TRAWL,3697.0,3246,902,0.000136
521,SWINE,3696.5,3057,1279,0.000656
522,COPSE,3696.5,3133,1127,5.6e-05
523,ASSET,3695.5,3292,807,0.002176
524,TOWEL,3693.5,3230,927,0.000483
525,OVERT,3693.0,3375,636,0.000529
526,SCOPE,3693.0,3133,1120,0.005273
527,GRAZE,3693.0,3128,1130,0.000148
528,BOULE,3692.5,3092,1201,2.9e-05
529,ADOBE,3691.5,3267,849,0.000247
530,INANE,3691.5,3176,1031,4.1e-05
531,COMET,3690.5,3136,1109,0.000415
532,VALUE,3689.5,3208,963,0.040541
533,DIRGE,3689.5,3203,973,5.5e-05
534,SPREE,3686.5,3022,1329,7.7e-05
535,REUSE,3685.0,3133,1104,0.000338
536,PAINT,3685.0,3112,1146,0.002687
537,PESTO,3683.5,3354,659,3.2e-05
538,COVER,3682.0,3154,1056,0.010718
539,TRAIT,3681.5,3115,1133,0.000666
540,BARON,3678.0,3227,902,0.001256
541,BAGEL,3677.5,3169,1017,3e-05
542,OWNER,3677.0,3301,752,0.008376
543,SPRAY,3676.5,3119,1115,0.001666
544,GLOAT,3675.5,3189,973,2.5e-05
545,ENTER,3675.0,3275,800,0.008709
546,GUILE,3674.0,3099,1150,8.3e-05
547,FLAME,3673.5,3108,1131,0.002054
548,PAPER,3673.0,3157,1032,0.025521
549,ADORN,3672.5,3331,683,0.0002
550,SPORT,3672.0,3136,1072,0.002121
551,BLOAT,3671.5,3156,1031,2.9e-05
552,CRIER,3670.5,3040,1261,4.9e-05
553,OLDEN,3670.0,3288,764,0.000163
554,FIERY,3669.5,3156,1027,0.000534
555,POESY,3669.0,3103,1132,5.1e-05
556,RISER,3669.0,3211,916,0.00012
557,LOOSE,3669.0,3068,1202,0.002997
558,SHIED,3668.5,3063,1211,4.3e-05
559,FOYER,3668.5,3182,973,0.000143
560,MOUSE,3668.0,3096,1144,0.001769
561,OTTER,3667.5,3288,759,0.000281
562,WAFER,3663.5,3193,941,0.000268
563,PECAN,3663.0,3298,730,0.00012
564,VERSO,3663.0,3325,676,0.000206
565,NOBLE,3662.0,3184,956,0.00475
566,IRONY,3662.0,3117,1090,0.000653
567,SHEER,3662.0,3054,1216,0.000954
568,FRIED,3662.0,3110,1104,0.000496
569,START,3661.5,3086,1151,0.010553
570,ADEPT,3661.0,3341,640,0.000209
571,FLORA,3659.5,3264,791,0.00115
572,NERDY,3659.0,3222,874,0
573,DECAY,3658.0,3191,934,0.001991
574,ALLEY,3658.0,3091,1134,0.000726
575,AMPLE,3656.5,3247,819,0.001848
576,SPLAT,3656.5,3180,953,1.9e-05
577,BLAST,3652.5,3101,1103,0.001391
578,PLANT,3652.0,3111,1082,0.019852
579,OLIVE,3651.0,3164,974,0.001464
580,CORER,3651.0,3066,1170,1.4e-05
581,GUISE,3650.5,3071,1159,0.00041
582,HONEY,3649.5,3066,1167,0.001843
583,SCALY,3648.5,3030,1237,0.000127
584,HEADY,3646.5,3122,1049,0.000117
585,SHARD,3646.5,3105,1083,3e-05
586,REBUT,3645.5,3277,737,0.000134
587,SURER,3642.5,3021,1243,9.2e-05
588,OUNCE,3642.5,3175,935,0.000832
589,RIDGE,3642.5,3203,879,0.002652
590,MEDAL,3642.0,3272,740,0.001178
591,TAROT,3641.5,3141,1001,4.7e-05
592,IMAGE,3640.0,3202,876,0.009072
593,BEGAT,3639.0,3191,896,6e-05
594,TWINE,3638.5,3107,1063,0.000224
595,ERODE,3638.5,3102,1073,0.000119
596,SOAPY,3638.0,2956,1364,5.8e-05
597,PIETY,3638.0,3127,1022,0.000748
598,ERECT,3632.5,3173,919,0.001402
599,STAND,3632.0,3108,1048,0.011006
600,USHER,3632.0,3338,588,0.000259
601,CHEST,3631.5,3160,943,0.003535
602,PULSE,3631.5,3116,1031,0.002764
603,LEERY,3630.5,3121,1019,2.2e-05
604,FECAL,3630.5,3256,749,0.000234
605,FREAK,3629.0,3202,854,0.000179
606,LEMUR,3628.5,3287,683,2.2e-05
607,MANGE,3627.0,3104,1046,5.4e-05
608,TRUER,3626.5,3071,1111,0.000155
609,INFER,3626.0,3288,676,0.000674
610,THERE,3625.0,3104,1042,0.21749
611,BERTH,3624.5,3198,853,0.00028
612,UNDER,3624.5,3262,725,0.118753
613,DROVE,3622.0,3078,1088,0.002249
614,PATIO,3622.0,3236,772,0.000214
615,HOARD,3621.0,3160,922,0.000237
616,RETRO,3619.5,3287,665,8.8e-05
617,APRON,3619.0,3306,626,0.000388
618,FAIRY,3618.5,3009,1219,0.000849
619,WAVER,3617.5,3135,965,7.1e-05
620,TENSE,3617.0,3057,1120,0.000946
621,NASTY,3616.0,3154,924,0.000393
622,FABLE,3615.5,3076,1079,0.000308
623,PEACH,3614.5,3127,975,0.000607
624,PROVE,3612.0,3053,1118,0.007169
625,STRAW,3610.0,3218,784,0.001401
626,SUGAR,3608.5,3113,991,0.006702
627,BROKE,3608.0,3028,1160,0.003442
628,GAZER,3608.0,3128,960,1.4e-05
629,DRIVE,3607.5,3052,1111,0.007177
630,VALOR,3607.5,3206,803,0.000191
631,ASCOT,3606.5,3308,597,5.2e-05
632,TIDAL,3605.0,3234,742,0.000814
633,HALVE,3605.0,3129,952,3.5e-05
634,WHEAT,3605.0,3196,818,0.005191
635,DREAD,3603.5,3186,835,0.000837
636,FORGE,3602.5,3065,1075,0.000556
637,FLYER,3602.0,3155,894,0.00013
638,TORUS,3601.5,3247,709,0.000109
639,CLERK,3600.0,3181,838,0.007167
640,COURT,3598.5,3076,1045,0.061382
641,PRINT,3595.5,3041,1109,0.004104
642,SCREW,3595.5,3144,903,0.001594
643,MEDIA,3595.0,3273,644,0.00752
644,SPIED,3595.0,3031,1128,0.000115
645,TITLE,3594.5,3072,1045,0.019377
646,GIANT,3594.5,3066,1057,0.001952
647,ORGAN,3593.5,3260,667,0.002854
648,DETER,3593.5,3097,993,0.000483
649,FLOAT,3592.5,3096,993,0.000908
650,ABLED,3592.0,3240,704,1.2e-05
651,PRUDE,3591.0,3059,1064,2.1e-05
652,GREET,3591.0,3026,1130,0.00046
653,OCTAL,3590.5,3336,509,2.8e-05
654,SHARP,3590.5,3080,1021,0.004606
655,BONEY,3590.5,2955,1271,2.1e-05
656,CRAFT,3589.5,3060,1059,0.002007
657,WREAK,3589.5,3189,801,6e-05
658,MONEY,3589.5,2987,1205,0.02798
659,SADLY,3589.0,2954,1270,0.000716
660,SURLY,3588.5,2969,1239,8.1e-05
661,PINEY,3588.5,3008,1161,4.4e-05
662,EAGLE,3588.5,3075,1027,0.001384
663,INTRO,3588.0,3368,440,0.000168
664,POKER,3588.0,3107,962,0.000249
665,BEADY,3587.5,3011,1153,2.9e-05
666,AWARE,3587.0,3056,1062,0.006585
667,FORAY,3586.5,3035,1103,6.6e-05
668,DAILY,3586.5,2983,1207,0.011239
669,POWER,3586.0,3098,976,0.053656
670,TOKEN,3586.0,3142,888,0.000825
671,SCORN,3582.0,3118,928,0.000515
672,DECRY,3581.0,3120,922,4.6e-05
673,PLIED,3580.5,3059,1043,0.000146
674,SHREW,3578.5,3075,1007,9.4e-05
675,MELON,3577.0,3216,722,0.000155
676,AMBLE,3577.0,3168,818,2.3e-05
677,SINEW,3576.0,3057,1038,5.5e-05
678,REARM,3574.0,3152,844,1.3e-05
679,TRULY,3572.5,3019,1107,0.004681
680,FLAKE,3571.0,3012,1118,0.000196
681,RASPY,3570.5,3119,903,2.9e-05
682,LADLE,3570.0,3045,1050,0.000138
683,BERET,3567.0,2993,1148,3.8e-05
684,WAIST,3567.0,3029,1076,0.000972
685,SETUP,3565.5,3138,855,0.000614
686,SHORN,3565.0,3049,1032,0.000135
687,RANDY,3564.5,3075,979,0.000266
688,DAISY,3563.0,2955,1216,0.000433
689,EDICT,3562.5,3182,761,0.000297
690,SPEAK,3562.0,3123,878,0.009838
691,BOARD,3562.0,3049,1026,0.038114
692,BROIL,3562.0,3064,996,4.4e-05
693,SLANG,3562.0,3015,1094,0.000237
694,PHONE,3561.0,2995,1132,0.006285
695,PIANO,3561.0,3117,888,0.001733
696,MERCY,3560.5,3048,1025,0.002201
697,INEPT,3559.5,3259,601,9.1e-05
698,CARGO,3557.5,3158,799,0.002475
699,TIARA,3557.5,3123,869,4.8e-05
700,FLUTE,3557.5,3027,1061,0.000406
701,PLAIN,3557.5,3090,935,0.005824
702,HYENA,3556.5,3300,513,4.7e-05
703,GROVE,3553.0,3007,1092,0.001477
704,CROAK,3552.5,3061,983,4.1e-05
705,CIGAR,3552.0,3132,840,0.000555
706,PEACE,3552.0,2922,1260,0.013176
707,BEACH,3551.5,3048,1007,0.004142
708,DRIER,3551.0,2964,1174,0.000253
709,GLIDE,3549.0,3013,1072,0.000269
710,GLEAM,3549.0,3201,696,0.000299
711,ETHOS,3549.0,3386,326,0.000256
712,TRACK,3548.5,3056,985,0.005285
713,HOVER,3548.5,3085,927,0.000157
714,STALK,3548.5,3037,1023,0.000455
715,CRUST,3548.0,3021,1054,0.000809
716,NOOSE,3547.0,2971,1152,9.1e-05
717,SPERM,3545.5,3148,795,0.000625
718,TODAY,3545.5,3031,1029,0.015774
719,VOICE,3545.0,2965,1160,0.012496
720,CRONY,3544.0,2917,1254,2.2e-05
721,WARTY,3543.0,3017,1052,3e-05
722,FAINT,3543.0,2973,1140,0.00141
723,GUEST,3542.5,3092,901,0.001819
724,VIRAL,3542.0,3180,724,0.000773
725,SCRAP,3542.0,3149,786,0.001049
726,LEMON,3541.5,3216,651,0.000915
727,WIDER,3541.0,3097,888,0.002614
728,AORTA,3541.0,3149,784,0.000386
729,INLAY,3540.5,3161,759,7e-05
730,CHAFE,3540.5,2988,1105,4.5e-05
731,STONY,3535.5,2920,1231,0.000483
732,GRIEF,3535.0,3039,992,0.0016
733,COVET,3534.5,2986,1097,7.5e-05
734,ALTAR,3534.5,3122,825,0.001384
735,BRAID,3534.0,3023,1022,0.000187
736,CHUTE,3533.0,2999,1068,0.000266
737,ALOFT,3531.5,3096,871,0.000263
738,FROST,3531.5,2997,1069,0.001379
739,FRESH,3531.5,3088,887,0.00723
740,BRIEF,3531.0,3006,1050,0.00702
741,BROAD,3530.5,3049,963,0.007918
742,OVINE,3530.0,3067,926,3.5e-05
743,COUPE,3529.0,2972,1114,8.9e-05
744,RANCH,3528.5,3112,833,0.001038
745,UNCLE,3528.0,3148,760,0.002928
746,BRASH,3528.0,3001,1054,6.5e-05
747,STORM,3527.5,3089,877,0.003146
748,MURAL,3526.0,3140,772,0.000259
749,WEIRD,3525.5,3097,857,0.000528
750,MOWER,3522.0,3051,942,0.000151
751,GAVEL,3521.5,3051,941,6.3e-05
752,THREW,3520.5,3125,791,0.002191
753,TWICE,3520.5,3005,1031,0.005202
754,SLOTH,3520.0,2978,1084,0.000101
755,STRIP,3519.5,3110,819,0.002297
756,METER,3519.5,3025,989,0.001912
757,MAYOR,3519.0,3127,784,0.00309
758,CLOVE,3518.0,2964,1108,0.000126
759,GAILY,3517.5,2912,1211,0.000154
760,RETRY,3516.5,3031,971,2.2e-05
761,RIVAL,3516.0,3180,672,0.001381
762,SAUCY,3515.0,2841,1348,6.5e-05
763,BASIL,3515.0,3080,870,0.00056
764,RULER,3515.0,3049,932,0.001144
765,SHEET,3514.5,2886,1257,0.005698
766,ELDER,3513.5,3075,877,0.001683
767,ACRID,3512.5,3203,619,0.000101
768,UPSET,3510.5,3138,745,0.001273
769,CORNY,3510.0,2917,1186,3.9e-05
770,LODGE,3508.5,3039,939,0.002174
771,REBAR,3508.0,3120,776,0
772,LEPER,3507.5,3050,915,0.000105
773,THORN,3507.0,3099,816,0.000422
774,EXACT,3506.5,3109,795,0.004113
775,WAIVE,3505.5,2946,1119,0.00048
776,MODEL,3505.0,3038,934,0.022029
777,DEPOT,3504.0,3107,794,0.000922
778,AGATE,3503.0,2994,1018,0.000123
779,AMEND,3502.5,3175,655,0.004433
780,TOAST,3502.0,2923,1158,0.000492
781,FLIRT,3501.0,2999,1004,8.4e-05
782,CRAWL,3500.5,3025,951,0.000329
783,MINCE,3499.5,2991,1017,7.2e-05
784,PAYEE,3499.0,2892,1214,0.00035
785,INNER,3499.0,3105,788,0.005567
786,FELON,3499.0,3124,750,0.000103
787,COBRA,3498.0,3125,746,0.000153
788,HOIST,3498.0,2979,1038,0.000314
789,MAIZE,3497.5,2938,1119,0.000902
790,DIVER,3497.5,3052,891,0.000199
791,SCOUR,3497.0,3026,942,0.000147
792,CLASH,3497.0,2991,1012,0.000436
793,PATSY,3496.5,2951,1091,0.000115
794,CHEAP,3495.5,3127,737,0.001925
795,MACRO,3494.5,3157,675,0.000638
796,LOAMY,3489.0,2937,1104,0.000149
797,SKIRT,3489.0,2967,1044,0.000649
798,MOVER,3488.5,3006,965,0.000253
799,BIOME,3488.5,2935,1107,2.7e-05
800,REPEL,3488.0,3050,876,0.00022
801,SCRAM,3488.0,3102,772,2.7e-05
802,REBUS,3487.0,3227,520,8.1e-05
803,CHANT,3485.5,2944,1083,0.000313
804,STOIC,3485.0,3048,874,0.000187
805,NOVEL,3485.0,3066,838,0.004821
806,BLEAK,3484.5,3072,825,0.000326
807,BUYER,3484.5,3026,917,0.001913
808,BATON,3484.0,3059,850,0.000456
809,PURGE,3481.5,2988,987,0.000275
810,LAPEL,3480.5,3020,921,5.4e-05
811,SCALD,3479.5,2984,991,6.1e-05
812,ABOVE,3478.0,3045,866,0.040055
813,AWOKE,3478.0,3026,904,0
814,WRIST,3477.5,2958,1039,0.000815
815,TRACT,3477.5,2915,1125,0.00288
816,OMBRE,3477.5,3124,707,1.6e-05
817,SANDY,3476.5,2857,1239,0.002035
818,ANTIC,3476.5,3213,527,3.2e-05
819,NORTH,3476.5,3099,755,0.029761
820,SHOVE,3476.5,2867,1219,0.000166
821,SHARK,3476.0,2937,1078,0.000336
822,AUNTY,3475.5,2993,965,5.3e-05
823,PUREE,3475.5,2861,1229,6.8e-05
824,SNOUT,3475.0,2960,1030,0.000247
825,PALSY,3475.0,2929,1092,0.000244
826,LEAVE,3474.5,2924,1101,0.015977
827,TRAMP,3474.0,3051,846,0.000257
828,MARSH,3474.0,3033,882,0.001275
829,ORBIT,3473.5,3086,775,0.001223
830,SPILT,3473.5,2920,1107,6.7e-05
831,ALONG,3473.0,3070,806,0.025062
832,RAPID,3473.0,3102,742,0.006461
833,ABATE,3472.5,2961,1023,0.000237
834,PERCH,3472.0,3056,832,0.000342
835,PRIZE,3472.0,2914,1116,0.002598
836,DRAFT,3470.0,2984,972,0.004332
837,CRANK,3470.0,2937,1066,0.000508
838,CLUED,3469.5,2970,999,0
839,GLAZE,3469.5,2938,1063,0.00028
840,PREEN,3469.5,2953,1033,1.7e-05
841,LIKEN,3468.0,3094,748,4e-05
842,FRONT,3468.0,2928,1080,0.015095
843,ALGAE,3467.5,2972,991,0.000631
844,FIBER,3467.0,3006,922,0.002414
845,HAVEN,3467.0,3032,870,0.00198
846,STORK,3467.0,2993,948,0.000101
847,WHOLE,3466.5,2940,1053,0.033857
848,SOLID,3466.0,2950,1032,0.007328
849,DRIED,3466.0,2926,1080,0.002689
850,BLAZE,3465.5,2905,1121,0.000361
851,MASSE,3465.0,2923,1084,0.00015
852,PASTY,3465.0,2951,1028,6e-05
853,KNELT,3464.5,3115,699,0.000365
854,CARAT,3463.0,2923,1080,5.1e-05
855,WHITE,3462.5,2936,1053,0.029317
856,SPOKE,3462.0,2889,1146,0.005661
857,RALPH,3462.0,3108,708,0.001828
858,YIELD,3462.0,3130,664,0.007659
859,STANK,3461.5,2940,1043,3.3e-05
860,HASTY,3461.0,2983,956,0.000488
861,GRASP,3459.5,3002,915,0.001422
862,HEATH,3459.0,3013,892,0.000844
863,BEGAN,3458.5,3072,773,0.017121
864,WORST,3458.0,2984,948,0.002843
865,NOISY,3457.5,2899,1117,0.000564
866,GROIN,3456.5,3000,913,0.000176
867,DICEY,3456.0,2931,1050,4.8e-05
868,RHINO,3455.5,3078,755,6.7e-05
869,LUNGE,3454.5,3001,907,6e-05
870,DAUNT,3454.5,2947,1015,2.7e-05
871,TANGO,3454.0,3092,724,8e-05
872,CHOIR,3453.5,2976,955,0.000721
873,SCARF,3453.5,3010,887,0.000251
874,WHILE,3452.0,2914,1076,0.063258
875,GRAND,3452.0,2958,988,0.008012
876,SEWER,3451.0,2870,1162,0.001216
877,AUDIT,3450.5,3045,811,0.002252
878,OFTEN,3450.0,3146,608,0.033939
879,ALIGN,3450.0,3044,812,0.000284
880,CLEFT,3448.5,3017,863,0.000394
881,ETHER,3448.0,3104,688,0.001331
882,BRAND,3448.0,2925,1046,0.002349
883,SPIKE,3447.5,2863,1169,0.00048
884,UTTER,3447.5,3072,751,0.001134
885,ORDER,3446.5,2990,913,0.062749
886,HAZEL,3444.5,3016,857,0.000419
887,CURVE,3444.5,2938,1013,0.005139
888,TONGA,3444.0,3092,704,0.000138
889,WRATH,3443.5,2978,931,0.000811
890,WHOSE,3443.0,2912,1062,0.023933
891,SERVE,3443.0,2825,1236,0.010052
892,TEPID,3442.5,3081,723,7.8e-05
893,VIPER,3442.5,3027,831,8.6e-05
894,NICHE,3442.0,3070,744,0.000395
895,CHIDE,3441.5,2892,1099,4.3e-05
896,HAUNT,3440.5,2954,973,0.000251
897,ALOUD,3440.5,3049,783,0.000872
898,GENRE,3439.5,2907,1065,0.000821
899,ABASE,3438.5,2911,1055,1.4e-05
900,STALL,3438.5,2906,1065,0.000514
901,POINT,3438.5,2878,1121,0.045881
902,MOIST,3438.0,2900,1076,0.001046
903,GLOBE,3437.0,2935,1004,0.001657
904,TORCH,3436.0,2997,878,0.000492
905,CURIO,3436.0,3055,762,3.9e-05
906,LATCH,3435.5,3041,789,0.000316
907,EGRET,3434.5,3026,817,3.3e-05
908,FIRST,3432.5,2971,923,0.125562
909,SALVO,3430.0,2988,884,5.2e-05
910,SCENE,3429.0,2836,1186,0.006226
911,RODEO,3428.5,3011,835,0.000106
912,GIVER,3428.5,2981,895,0.000218
913,RUSTY,3427.5,2991,873,0.000357
914,CHAOS,3426.0,3018,816,0.00103
915,SWIRL,3426.0,2936,980,0.000141
916,OMEGA,3425.5,3228,395,0.000278
917,CRESS,3424.5,3000,849,6.6e-05
918,CLASP,3424.5,2959,931,0.000222
919,VOILA,3423.5,3017,813,0
920,SCALP,3423.5,2959,929,0.00037
921,DIRTY,3423.0,2934,978,0.00143
922,DOPEY,3420.5,2856,1129,1.3e-05
923,RIDER,3419.5,2964,911,0.000671
924,BADGE,3419.0,2894,1050,0.000405
925,CYBER,3419.0,3016,806,0
926,MASON,3417.5,3041,753,0.001815
927,SEVER,3417.5,2825,1185,0.00022
928,THESE,3417.5,2886,1063,0.175991
929,SPURT,3417.0,2920,994,9.6e-05
930,SPOIL,3416.0,2925,982,0.000526
931,LEFTY,3415.0,2987,856,3.7e-05
932,CREED,3415.0,2876,1078,0.000844
933,OVARY,3415.0,2977,876,0.000513
934,SONIC,3414.0,2929,970,0.000224
935,ADULT,3414.0,3044,740,0.006015
936,HEAVY,3412.5,2900,1025,0.010899
937,DEBIT,3411.5,3002,819,0.000379
938,GREEN,3410.5,2907,1007,0.012826
939,ROGER,3409.5,2919,981,0.001878
940,GROUT,3409.0,2929,960,0.000153
941,ELECT,3409.0,2983,852,0.001707
942,DECOY,3409.0,2957,904,7.6e-05
943,REBEL,3408.5,2971,875,0.000837
944,CREPE,3408.0,2851,1114,8e-05
945,EXIST,3408.0,3020,776,0.007691
946,ANGRY,3408.0,3004,808,0.002345
947,CHEER,3407.5,2883,1049,0.000572
948,SIEGE,3407.5,2787,1241,0.000975
949,TULLE,3407.0,2892,1030,3.2e-05
950,STEED,3406.5,2879,1055,0.000207
951,AMITY,3406.5,2933,947,0.000153
952,BASIN,3405.5,2983,845,0.003898
953,TAINT,3405.0,2828,1154,0.00017
954,RUPEE,3404.5,2861,1087,0.000166
955,RARER,3404.0,2856,1096,0.000155
956,SMOKE,3403.5,2842,1123,0.003022
957,GLORY,3403.0,2867,1072,0.003214
958,POSIT,3402.5,2947,911,0.000114
959,SPARK,3402.5,2905,995,0.000946
960,WOOER,3401.0,2834,1134,1.3e-05
961,BILGE,3401.0,2909,984,7.1e-05
962,LABEL,3401.0,2941,920,0.002234
963,GRAFT,3401.0,2913,976,0.000599
964,THIEF,3400.5,2949,903,0.000581
965,ELIDE,3400.5,2886,1029,1e-05
966,THETA,3400.0,3064,672,0.000195
967,GOLEM,3400.0,2967,866,2.6e-05
968,APTLY,3398.0,2979,838,0.000254
969,UNMET,3398.0,3022,752,9e-05
970,GORGE,3397.5,2870,1055,0.000382
971,ROOST,3397.5,2872,1051,0.000121
972,RATTY,3396.5,2885,1023,2e-05
973,RALLY,3396.5,2873,1047,0.000508
974,ANGST,3396.0,3037,718,6e-05
975,SCION,3395.5,2929,933,9.5e-05
976,PILOT,3394.5,2975,839,0.003185
977,SPLIT,3394.5,2920,949,0.002659
978,MINOR,3393.5,2999,789,0.006243
979,EBONY,3393.5,2955,877,0.000158
980,RABID,3393.5,3023,741,8.1e-05
981,CLAIM,3393.0,2941,904,0.014472
982,CHARD,3392.0,2934,916,6.4e-05
983,DERBY,3391.5,2940,903,0.000621
984,CHAIN,3391.0,2923,936,0.005086
985,ELFIN,3390.5,3098,585,3.3e-05
986,PANSY,3390.5,2832,1117,6e-05
987,LUMEN,3390.5,3000,781,0.000329
988,SLEEP,3390.0,2832,1116,0.00564
989,FAULT,3389.5,2880,1019,0.003924
990,BRIBE,3389.0,2813,1152,0.000251
991,HARDY,3388.5,2904,969,0.001344
992,ESSAY,3388.0,3041,694,0.002545
993,APPLE,3388.0,2967,842,0.002207
994,GAUNT,3385.5,2876,1019,0.000216
995,RIPER,3385.5,2939,893,4.5e-05
996,SPEND,3384.5,2933,903,0.003891
997,BLOKE,3384.5,2838,1093,6.8e-05
998,SLACK,3383.0,2816,1134,0.000575
999,QUOTE,3383.0,2877,1012,0.001684
1000,MAUVE,3382.5,2861,1043,7.8e-05
1001,MAYBE,3382.0,2939,886,0.005993
1002,WINCE,3382.0,2886,992,5.8e-05
1003,DRAWL,3381.0,2949,864,4.4e-05
1004,ELOPE,3380.5,2887,987,2.1e-05
1005,ALLOT,3379.5,2961,837,9.7e-05
1006,TOTAL,3379.0,2951,856,0.045506
1007,TROLL,3378.0,2890,976,8.8e-05
1008,DOWEL,3377.5,2933,889,6.6e-05
1009,HORNY,3376.5,2848,1057,0.000136
1010,HINGE,3375.5,2923,905,0.000408
1011,DUNCE,3375.5,2873,1005,3e-05
1012,CLOUT,3374.0,2886,976,0.00011
1013,PLAID,3373.5,2912,923,0.000105
1014,QUIET,3373.5,2851,1045,0.004324
1015,SHEIK,3373.5,2895,957,6.4e-05
1016,VIOLA,3373.0,3017,712,0.000296
1017,CREME,3370.0,2804,1132,4.2e-05
1018,CHIME,3369.0,2820,1098,8.6e-05
1019,QUITE,3368.5,2851,1035,0.021134
1020,EQUAL,3368.5,3089,559,0.014623
1021,TWIRL,3368.0,2986,764,2.9e-05
1022,CRISP,3368.0,2889,958,0.00048
1023,SAVOY,3366.0,2759,1214,0.000254
1024,SLURP,3366.0,2898,936,1e-05
1025,DEMUR,3365.5,3012,707,6.7e-05
1026,WHINE,3365.0,2817,1096,9.4e-05
1027,HYPER,3365.0,3026,678,0.000197
1028,RHYME,3363.0,2979,768,0.000406
1029,ETHIC,3362.5,3189,347,0.000346
1030,PIPER,3361.5,2897,929,0.000381
1031,KNEAD,3361.0,3079,564,4.9e-05
1032,FOIST,3360.0,2808,1104,2e-05
1033,BOXER,3360.0,2863,994,0.000212
1034,CREEP,3359.0,2851,1016,0.000796
1035,NIECE,3358.5,2865,987,0.000463
1036,AUDIO,3358.0,3050,616,0.001369
1037,TONIC,3356.0,2979,754,0.000423
1038,COVEN,3354.0,2867,974,3.9e-05
1039,HARPY,3354.0,2879,950,2e-05
1040,GUIDE,3352.5,2824,1057,0.007599
1041,EIGHT,3352.5,3042,621,0.01236
1042,ZEBRA,3351.5,3095,513,0.000115
1043,LINEN,3351.5,2915,873,0.001008
1044,QUART,3351.5,2893,917,0.000529
1045,TANGY,3351.0,2836,1030,2.6e-05
1046,DRANK,3350.5,2861,979,0.000859
1047,STEEP,3350.5,2854,993,0.00147
1048,MANLY,3350.0,2813,1074,0.000455
1049,CHINA,3349.5,2923,853,0.011394
1050,SCOUT,3349.5,2858,983,0.000469
1051,ATOLL,3349.5,2961,777,0.000104
1052,VITAL,3348.0,3012,672,0.003991
1053,FINAL,3346.0,2951,790,0.016074
1054,VERSE,3345.0,2825,1040,0.002686
1055,FROZE,3344.5,2801,1087,0.000276
1056,TWEAK,3343.5,3021,645,3e-05
1057,GIRLY,3343.5,2841,1005,1.6e-05
1058,STACK,3343.5,2838,1011,0.001093
1059,CRASS,3342.0,2853,978,5.9e-05
1060,PRANK,3340.5,2836,1009,6e-05
1061,BLURT,3339.5,2869,941,2.6e-05
1062,COVEY,3339.0,2735,1208,6.4e-05
1063,LOUSY,3339.0,2806,1066,0.000111
1064,EVICT,3338.0,2960,756,4e-05
1065,GNOME,3337.5,2870,935,5.3e-05
1066,GOOSE,3337.0,2722,1230,0.000579
1067,BRINY,3337.0,2711,1252,2.2e-05
1068,FORTY,3336.0,2796,1080,0.006196
1069,BELIE,3335.0,2782,1106,5.2e-05
1070,SHELF,3335.0,2898,874,0.001498
1071,URBAN,3335.0,3011,648,0.008306
1072,CURLY,3334.0,2798,1072,0.00026
1073,ABOUT,3334.0,2967,734,0.141106
1074,SHEEN,3334.0,2767,1134,0.000163
1075,PERKY,3333.0,2851,964,2.9e-05
1076,SHOUT,3332.5,2789,1087,0.000635
1077,MOOSE,3332.0,2721,1222,0.000331
1078,SOUTH,3331.5,2789,1085,0.032529
1079,ROBIN,3331.0,2967,728,0.000947
1080,SWORN,3331.0,2865,932,0.001325
1081,LEGAL,3330.0,2974,712,0.015734
1082,HOVEL,3330.0,2895,870,5.1e-05
1083,GLOVE,3329.5,2817,1025,0.000366
1084,CLOAK,3329.0,2871,916,0.000617
1085,DEIGN,3328.0,2916,824,5.3e-05
1086,COUNT,3327.5,2789,1077,0.00571
1087,SHAFT,3324.5,2773,1103,0.003232
1088,MOVIE,3324.5,2817,1015,0.001741
1089,REEDY,3324.0,2846,956,6.4e-05
1090,FETID,3323.5,2942,763,6.4e-05
1091,VAGUE,3321.0,2862,918,0.001383
1092,SWEPT,3319.5,2875,889,0.001427
1093,VICAR,3318.0,2981,674,0.000512
1094,BINGE,3316.5,2812,1009,9.2e-05
1095,FIELD,3316.5,2920,793,0.029191
1096,EXTOL,3316.0,3074,484,5.3e-05
1097,CACHE,3315.0,2811,1008,0.000421
1098,TEMPO,3314.5,3035,559,0.000373
1099,BURST,3313.5,2841,945,0.001808
1100,GLINT,3313.0,2805,1016,9.2e-05
1101,ADOPT,3313.0,2960,706,0.003159
1102,RERUN,3312.5,2952,721,3.8e-05
1103,AGONY,3311.0,2841,940,0.000629
1104,ABHOR,3310.5,3056,509,8.2e-05
1105,SHADY,3310.0,2686,1248,0.000286
1106,SALLY,3308.5,2655,1307,0.000816
1107,THIRD,3308.5,2895,827,0.02654
1108,FLESH,3308.0,2898,820,0.0029
1109,BRAWL,3308.0,2845,926,6.2e-05
1110,BESET,3307.5,2775,1065,0.000329
1111,LURID,3307.5,2952,711,0.000109
1112,CLANG,3307.5,2844,927,6.5e-05
1113,BLEND,3307.0,2882,850,0.000778
1114,LEVER,3306.5,2853,907,0.001369
1115,ROUND,3305.5,2881,849,0.011271
1116,DRESS,3305.0,2924,762,0.003567
1117,BOWEL,3304.5,2829,951,0.000629
1118,GUARD,3303.0,2866,874,0.005202
1119,SWARM,3302.5,2849,907,0.000308
1120,BETEL,3302.0,2803,998,6.6e-05
1121,NEIGH,3301.5,2923,757,4.7e-05
1122,FETUS,3301.5,2999,605,0.000486
1123,DWELT,3301.5,2928,747,0.000502
1124,DENSE,3301.0,2760,1082,0.001775
1125,TESTY,3300.5,2814,973,2.7e-05
1126,FRUIT,3299.0,2810,978,0.006776
1127,TUMOR,3297.5,2928,739,0.002381
1128,KNAVE,3297.0,2857,880,0.000113
1129,BROTH,3296.5,2817,959,0.00041
1130,LIEGE,3296.5,2815,963,0.000174
1131,GRUNT,3296.0,2805,982,0.000115
1132,PLUME,3295.0,2797,996,0.000337
1133,PRESS,3295.0,2899,792,0.024103
1134,TUBAL,3293.5,2940,707,9.7e-05
1135,FAITH,3292.5,2802,981,0.010141
1136,MARCH,3292.5,2862,861,0.02293
1137,BRUNT,3292.0,2772,1040,0.000176
1138,IMPEL,3288.0,2987,602,5.8e-05
1139,REVEL,3287.0,2853,868,0.000128
1140,RURAL,3287.0,2902,770,0.008292
1141,DIODE,3286.0,2763,1046,0.000426
1142,VAULT,3285.5,2822,927,0.000547
1143,ODDER,3285.0,2952,666,1.4e-05
1144,FLEET,3284.5,2743,1083,0.003153
1145,UNLIT,3283.5,2962,643,3.3e-05
1146,ROWER,3283.0,2813,940,2.2e-05
1147,POSSE,3282.5,2736,1093,0.000114
1148,CHARM,3282.0,2862,840,0.001249
1149,HABIT,3282.0,2862,840,0.002773
1150,SLING,3282.0,2755,1054,0.000189
1151,TORSO,3282.0,2872,820,0.000205
1152,CHOKE,3281.0,2750,1062,0.000257
1153,OCTET,3280.5,2899,763,4.2e-05
1154,SWEET,3280.5,2702,1157,0.00481
1155,APNEA,3280.5,2921,719,0.000109
1156,MODAL,3280.0,2891,778,0.000461
1157,VAPOR,3280.0,2906,748,0.001541
1158,DEMON,3278.5,2941,675,0.000567
1159,SNAKY,3277.5,2689,1177,1.3e-05
1160,CRAMP,3277.5,2830,895,0.000111
1161,WIELD,3277.0,2907,740,0.000155
1162,APART,3277.0,2822,910,0.006205
1163,PANIC,3276.5,2891,771,0.001136
1164,VEGAN,3275.5,2954,643,5.2e-05
1165,SLEEK,3275.5,2689,1173,0.000175
1166,CELLO,3272.5,2887,771,0.000153
1167,DRAWN,3271.5,2852,839,0.008556
1168,NEWLY,3270.0,2855,830,0.003111
1169,HOTLY,3269.5,2777,985,0.00014
1170,STAMP,3269.0,2833,872,0.001773
1171,TRICK,3268.5,2796,945,0.000911
1172,FOCAL,3268.5,2875,787,0.001029
1173,CAPUT,3267.0,2820,894,6.8e-05
1174,GAUGE,3266.0,2725,1082,0.001586
1175,CLOTH,3265.5,2807,917,0.003767
1176,SHELL,3264.5,2763,1003,0.003862
1177,SHINY,3264.5,2604,1321,0.000396
1178,BEING,3263.5,2812,903,0.089986
1179,BEFIT,3263.0,2838,850,1.7e-05
1180,GAUZE,3262.0,2749,1026,0.000309
1181,PRAWN,3261.5,2827,869,5.8e-05
1182,SORRY,3260.5,2600,1321,0.003626
1183,DENIM,3259.5,2915,689,8.3e-05
1184,TITHE,3259.5,2804,911,0.000233
1185,SPOUT,3259.0,2757,1004,0.000164
1186,PURER,3258.5,2749,1019,0.000179
1187,WELSH,3256.5,2885,743,0.001083
1188,ARDOR,3256.0,2843,826,0.000132
1189,SWATH,3255.5,2760,991,7.2e-05
1190,GENIE,3254.5,2718,1073,9e-05
1191,BASIC,3254.0,2881,746,0.0139
1192,SLIMY,3253.5,2622,1263,0.00011
1193,EYING,3253.5,2962,583,0
1194,BRIAR,3253.0,2713,1080,7.3e-05
1195,CARRY,3252.5,2663,1179,0.010193
1196,VISOR,3252.0,2918,668,6.5e-05
1197,BRAVO,3251.5,2827,849,0.000154
1198,TALLY,3250.5,2705,1091,0.000258
1199,BURNT,3250.0,2772,956,0.001172
1200,FLOUR,3250.0,2814,872,0.00226
1201,CIRCA,3249.5,2862,775,0.000294
1202,ROVER,3249.5,2768,963,0.000193
1203,VISTA,3247.0,2984,526,0.000444
1204,CLANK,3246.5,2747,999,2.6e-05
1205,SEMEN,3245.5,2688,1115,0.000256
1206,CREEK,3244.5,2708,1073,0.005235
1207,TAWNY,3242.5,2730,1025,0.00014
1208,STING,3242.5,2777,931,0.000352
1209,SIEVE,3241.0,2636,1210,0.000395
1210,LASSO,3239.0,2889,700,5.4e-05
1211,QUERY,3238.5,2789,899,0.001045
1212,FELLA,3237.5,2881,713,6.3e-05
1213,SPURN,3236.5,2801,871,4.8e-05
1214,VIDEO,3236.5,2889,695,0.003092
1215,SEEDY,3236.0,2628,1216,5e-05
1216,SHAWL,3235.5,2738,995,0.000206
1217,BACON,3235.5,2838,795,0.001498
1218,CABIN,3235.0,2812,846,0.001398
1219,UNTIL,3234.0,2962,544,0.038018
1220,FLINT,3230.0,2712,1036,0.000875
1221,SNACK,3229.5,2719,1021,0.000246
1222,FIEND,3229.5,2823,813,0.000133
1223,LUSTY,3228.5,2801,855,0.000101
1224,GLAND,3228.5,2768,921,0.001167
1225,FRAUD,3227.0,2773,908,0.002723
1226,GREED,3226.5,2729,995,0.000409
1227,QUEST,3226.5,2822,809,0.001143
1228,FLASH,3225.5,2751,949,0.001525
1229,BLAND,3224.5,2735,979,0.000364
1230,MOURN,3224.5,2809,831,0.000276
1231,EPOCH,3224.5,2893,663,0.000668
1232,BUGLE,3223.5,2719,1009,0.000106
1233,CAVIL,3223.0,2791,864,4.3e-05
1234,ASKEW,3222.5,2971,503,8.1e-05
1235,BREED,3222.5,2696,1053,0.001256
1236,CANDY,3222.0,2686,1072,0.000728
1237,RUDER,3221.5,2774,895,4.3e-05
1238,EERIE,3221.0,2711,1020,0.00014
1239,MOULT,3221.0,2738,966,7.2e-05
1240,SLINK,3221.0,2658,1126,2.3e-05
1241,NATAL,3219.5,2835,769,0.000537
1242,SHUNT,3219.5,2665,1109,0.000313
1243,VALVE,3219.0,2756,926,0.003775
1244,DEVIL,3219.0,2862,714,0.001975
1245,LYRIC,3218.5,2988,461,0.000399
1246,NEWER,3218.0,2801,834,0.00072
1247,ENSUE,3217.5,2846,743,0.000249
1248,FROTH,3217.5,2757,921,0.00012
1249,SOUND,3217.5,2663,1109,0.013135
1250,THYME,3217.0,2811,812,0.000141
1251,PINTO,3216.0,2878,676,0.000149
1252,FIXER,3216.0,2777,878,4e-05
1253,CRAZY,3215.5,2638,1155,0.00125
1254,SCOLD,3214.0,2750,928,8.2e-05
1255,FEMUR,3213.5,2848,731,0.000314
1256,WIDEN,3213.0,2810,806,0.000274
1257,MANIC,3212.5,2844,737,0.00017
1258,ENEMA,3210.5,2977,467,9.5e-05
1259,RENEW,3210.0,2801,818,0.00073
1260,NERVE,3210.0,2756,908,0.003185
1261,JOKER,3209.5,2789,841,5.9e-05
1262,PIECE,3207.5,2662,1091,0.008053
1263,SHANK,3205.0,2650,1110,0.000266
1264,TITAN,3204.5,2828,753,0.000168
1265,CHIEF,3204.0,2728,952,0.017418
1266,GUILT,3203.5,2713,981,0.001846
1267,BULGE,3203.0,2719,968,0.00018
1268,ADMIT,3203.0,2887,632,0.003581
1269,DRYER,3202.5,2734,937,0.000259
1270,ZESTY,3201.5,2788,827,9e-06
1271,GIRTH,3201.5,2824,755,0.000144
1272,TOTEM,3200.5,2751,899,0.000118
1273,GONAD,3200.5,2795,811,5.1e-05
1274,CRUSH,3200.0,2731,938,0.000543
1275,BUILT,3199.5,2680,1039,0.012106
1276,GRAPH,3199.5,2762,875,0.001943
1277,WOMEN,3199.0,2764,870,0.032919
1278,AFOUL,3199.0,2885,628,4e-05
1279,BUSED,3199.0,2762,874,0
1280,VAUNT,3198.5,2725,947,1.9e-05
1281,BRAWN,3198.5,2748,901,4.1e-05
1282,FRANK,3198.5,2697,1003,0.005844
1283,RECUR,3198.0,2850,696,0.000244
1284,STILT,3197.5,2636,1123,2.6e-05
1285,HEAVE,3197.5,2656,1083,0.000164
1286,BIRTH,3197.5,2791,813,0.006395
1287,BEGIN,3196.5,2812,769,0.007946
1288,MIRTH,3196.5,2823,747,0.000272
1289,SHIRK,3196.0,2677,1038,7.6e-05
1290,PRIMO,3196.0,2796,800,9.4e-05
1291,BELCH,3193.5,2787,813,2.6e-05
1292,OBESE,3193.5,2780,827,0.00023
1293,SPELL,3191.0,2731,920,0.00111
1294,SPINY,3191.0,2572,1238,0.000109
1295,EXULT,3191.0,2858,666,3.8e-05
1296,LANKY,3190.5,2717,947,5.2e-05
1297,DRIFT,3190.0,2724,932,0.001573
1298,ENVOY,3189.0,2837,704,0.000325
1299,TROUT,3188.0,2691,994,0.001117
1300,ANVIL,3187.5,2893,589,0.000175
1301,TACIT,3186.0,2726,920,0.000287
1302,SEGUE,3185.5,2597,1177,1.2e-05
1303,TURBO,3185.5,2896,579,0.000209
1304,TASTY,3185.0,2667,1036,0.000149
1305,NEVER,3184.5,2756,857,0.041741
1306,PRISM,3184.5,2741,887,0.000433
1307,RIVER,3184.5,2742,885,0.023401
1308,OXIDE,3184.0,2778,812,0.002511
1309,ALLOY,3184.0,2710,948,0.001677
1310,FORTH,3183.5,2757,853,0.010122
1311,DEBUT,3183.5,2812,743,0.000299
1312,SLASH,3183.5,2594,1179,0.000233
1313,MICRO,3183.0,2897,572,0.001352
1314,FAVOR,3183.0,2767,832,0.005897
1315,SHALL,3182.0,2616,1132,0.095492
1316,STINK,3181.5,2680,1003,0.000115
1317,GOOEY,3180.5,2521,1319,2e-05
1318,SEIZE,3180.0,2523,1314,0.000838
1319,ADAGE,3179.0,2697,964,0.000108
1320,UNITY,3177.5,2733,889,0.003636
1321,ARMOR,3177.0,2771,812,0.000591
1322,CROUP,3177.0,2754,846,0.000111
1323,FEIGN,3176.0,2752,848,5.5e-05
1324,BERRY,3175.5,2630,1091,0.000987
1325,MERRY,3174.5,2662,1025,0.000849
1326,FRIAR,3174.0,2653,1042,0.000256
1327,ZONAL,3174.0,2806,736,0.000177
1328,GRIND,3172.0,2698,948,0.000332
1329,ALARM,3172.0,2753,838,0.001731
1330,LOGIN,3170.5,2810,721,9.9e-05
1331,AROMA,3170.5,2780,781,0.000233
1332,STOOL,3168.0,2682,972,0.000561
1333,HARSH,3167.0,2745,844,0.001139
1334,INCUR,3166.5,2931,471,0.000496
1335,BELOW,3166.5,2829,675,0.020031
1336,TAUNT,3164.5,2638,1053,0.000106
1337,VOCAL,3164.5,2817,695,0.000995
1338,PATCH,3162.5,2741,843,0.001135
1339,TIPSY,3162.0,2691,942,4.9e-05
1340,MERGE,3161.5,2657,1009,0.000474
1341,ELUDE,3160.0,2696,928,0.000113
1342,WAXEN,3160.0,2737,846,3.6e-05
1343,STILL,3158.5,2646,1025,0.048482
1344,BICEP,3158.0,2756,804,0
1345,GNASH,3155.0,2747,816,1e-05
1346,DEPTH,3154.5,2812,685,0.007163
1347,NASAL,3154.0,2785,738,0.000839
1348,GRASS,3153.5,2706,895,0.0041
1349,FLUME,3153.0,2658,990,0.000107
1350,GRAVY,3152.5,2604,1097,0.000146
1351,DUVET,3152.0,2694,916,2.4e-05
1352,RIGHT,3151.0,2824,654,0.059737
1353,SQUAT,3150.0,2675,950,0.000151
1354,AXION,3150.0,2809,682,0
1355,LORRY,3149.5,2628,1043,0.000152
1356,BRASS,3149.5,2673,953,0.001862
1357,JUICE,3149.5,2628,1043,0.001708
1358,SIGMA,3148.0,2766,764,0.000472
1359,SOOTY,3148.0,2453,1390,7.7e-05
1360,SWORD,3147.0,2687,920,0.002374
1361,THANK,3147.0,2700,894,0.006843
1362,TRUNK,3146.0,2708,876,0.001893
1363,AHEAD,3145.5,2775,741,0.004684
1364,COLOR,3145.5,2679,933,0.009718
1365,PSALM,3144.5,2811,667,0.000695
1366,DONUT,3144.0,2713,862,3.5e-05
1367,WORTH,3144.0,2744,800,0.008622
1368,STASH,3144.0,2616,1056,4.8e-05
1369,FREED,3143.5,2636,1015,0.000923
1370,ARBOR,3142.5,2739,807,0.000954
1371,BADLY,3142.0,2603,1078,0.001945
1372,QUAKE,3141.5,2646,991,9e-05
1373,BURLY,3141.5,2618,1047,0.000101
1374,MADLY,3141.0,2635,1012,0.000137
1375,PIXEL,3139.5,2726,827,0.000354
1376,HELLO,3139.0,2818,642,0.000734
1377,TRUST,3138.5,2636,1005,0.014088
1378,ISSUE,3138.0,2821,634,0.020211
1379,HEFTY,3138.0,2719,838,8.7e-05
1380,SALAD,3137.5,2607,1061,0.000682
1381,AGAPE,3136.5,2672,929,6.6e-05
1382,FETCH,3136.0,2749,774,0.00053
1383,PRONG,3136.0,2699,874,0.000102
1384,SPRIG,3136.0,2742,788,5.6e-05
1385,YACHT,3135.5,2812,647,0.000445
1386,SAUNA,3135.5,2596,1079,7.3e-05
1387,SHAKY,3135.0,2518,1234,0.000196
1388,MOUNT,3134.0,2641,986,0.003363
1389,SMELL,3132.5,2684,897,0.001724
1390,SPANK,3131.5,2618,1027,2.5e-05
1391,BIBLE,3130.0,2623,1014,0.00483
1392,CHORD,3126.5,2700,853,0.000551
1393,CAULK,3126.0,2655,942,2e-05
1394,CROWN,3125.5,2694,863,0.005259
1395,SUMAC,3125.0,2723,804,4.4e-05
1396,WRECK,3123.5,2729,789,0.000574
1397,NUDGE,3123.5,2726,795,6.9e-05
1398,JOIST,3123.5,2629,989,5.5e-05
1399,PARRY,3123.0,2562,1122,0.000325
1400,NOMAD,3122.5,2794,657,7.7e-05
1401,VOWEL,3121.5,2711,821,0.00061
1402,ETUDE,3120.5,2718,805,0.00012
1403,LURCH,3120.0,2759,722,7.5e-05
1404,IVORY,3120.0,2717,806,0.000774
1405,MEDIC,3119.0,2813,612,8e-05
1406,HARRY,3119.0,2594,1050,0.003338
1407,INGOT,3118.5,2832,573,0.000217
1408,RISKY,3118.5,2716,805,0.000441
1409,CLASS,3118.5,2663,911,0.027805
1410,WHERE,3117.5,2630,975,0.096883
1411,PLANK,3117.0,2646,942,0.000451
1412,WORLD,3117.0,2715,804,0.057666
1413,MAJOR,3117.0,2738,758,0.023923
1414,THROB,3116.5,2817,599,9.4e-05
1415,EMPTY,3114.0,2779,670,0.003789
1416,REVUE,3113.5,2664,899,0.000366
1417,TOPIC,3113.0,2776,674,0.002913
1418,STINT,3110.5,2539,1143,0.000121
1419,PORCH,3110.0,2675,870,0.000877
1420,LOCAL,3109.5,2740,739,0.034515
1421,PENCE,3109.5,2564,1091,0.000387
1422,BENCH,3109.0,2690,838,0.002002
1423,BORAX,3108.5,2716,785,0.000166
1424,CRYPT,3107.5,2709,797,0.000131
1425,RADII,3107.5,2781,653,0.000288
1426,TENTH,3107.5,2706,803,0.001906
1427,SENSE,3107.0,2439,1336,0.020013
1428,BISON,3107.0,2749,716,0.000182
1429,MIDGE,3106.5,2666,881,6.7e-05
1430,LOCUS,3106.0,2836,540,0.000701
1431,STRUT,3106.0,2636,940,0.000148
1432,HENCE,3105.5,2596,1019,0.008416
1433,PROWL,3105.5,2690,831,4.4e-05
1434,FROND,3103.5,2631,945,7e-05
1435,PROUD,3103.5,2678,851,0.002725
1436,SLICK,3103.0,2556,1094,0.000243
1437,DOZEN,3102.5,2678,849,0.002681
1438,FLOUT,3102.5,2646,913,3e-05
1439,TACKY,3101.0,2637,928,4.4e-05
1440,ABBEY,3101.0,2654,894,0.001013
1441,DETOX,3100.5,2799,603,2.4e-05
1442,GIVEN,3100.5,2694,813,0.055112
1443,POUTY,3100.0,2556,1088,8e-06
1444,BATCH,3099.5,2662,875,0.000877
1445,MATCH,3098.5,2694,809,0.00296
1446,EXERT,3097.0,2764,666,0.000859
1447,FERRY,3096.5,2570,1053,0.001181
1448,SPECK,3096.0,2663,866,0.000162
1449,QUAIL,3095.5,2682,827,0.000262
1450,POLKA,3095.0,2770,650,6.5e-05
1451,GHOST,3095.0,2632,926,0.001461
1452,WHIRL,3094.5,2696,797,0.000161
1453,SHEEP,3094.0,2564,1060,0.003661
1454,TUNIC,3093.0,2763,660,0.000183
1455,CANAL,3092.0,2614,956,0.004718
1456,EVADE,3091.0,2649,884,0.000327
1457,OFFER,3090.0,2788,604,0.010151
1458,DEFER,3089.5,2636,907,0.00038
1459,LINGO,3089.5,2810,559,5e-05
1460,SEVEN,3089.5,2538,1103,0.012593
1461,LIBEL,3089.5,2681,817,0.000564
1462,APING,3089.0,2744,690,1.8e-05
1463,LEECH,3089.0,2693,792,0.000171
1464,TULIP,3089.0,2759,660,0.000121
1465,HANDY,3088.5,2617,943,0.000629
1466,SHACK,3087.0,2548,1078,0.000193
1467,SUING,3085.5,2566,1039,0.000202
1468,TUTOR,3085.5,2691,789,0.000554
1469,VALID,3082.5,2715,735,0.004006
1470,AVOID,3079.0,2742,674,0.007731
1471,WOKEN,3078.5,2668,821,8.2e-05
1472,STOCK,3078.0,2604,948,0.018865
1473,SMITH,3077.5,2605,945,0.011632
1474,CROSS,3076.5,2619,915,0.014345
1475,SPEED,3076.5,2557,1039,0.009585
1476,WELCH,3075.0,2714,722,0.000483
1477,CHASM,3074.5,2644,861,0.000174
1478,VOGUE,3074.5,2628,893,0.000376
1479,SILKY,3074.5,2526,1097,0.000196
1480,FOAMY,3074.0,2498,1152,4e-05
1481,PESKY,3073.5,2633,881,2.7e-05
1482,SPICY,3073.0,2470,1206,0.000165
1483,DRINK,3070.5,2601,939,0.004007
1484,KNIFE,3070.0,2655,830,0.002012
1485,EDIFY,3069.5,2691,757,2.4e-05
1486,BLUNT,3068.5,2582,973,0.00065
1487,ELBOW,3067.5,2829,477,0.000854
1488,LAUGH,3067.5,2683,769,0.002147
1489,FANCY,3067.0,2522,1090,0.002052
1490,PRIOR,3067.0,2558,1018,0.013669
1491,NOTCH,3067.0,2710,714,0.000539
1492,LOYAL,3066.0,2710,712,0.001252
1493,JAUNT,3066.0,2604,924,3.3e-05
1494,UDDER,3065.0,2736,658,0.000102
1495,SMIRK,3064.0,2598,932,8.7e-05
1496,MANGO,3064.0,2723,682,0.000181
1497,STICK,3063.5,2578,971,0.002262
1498,SIGHT,3063.0,2606,914,0.006069
1499,DROLL,3062.0,2593,938,6.6e-05
1500,BRISK,3061.0,2566,990,0.000332
1501,JOINT,3060.0,2560,1000,0.011641
1502,MARRY,3059.0,2515,1088,0.002076
1503,BRING,3058.5,2594,929,0.01413
1504,TOUCH,3058.0,2618,880,0.005079
1505,DROOL,3057.0,2603,908,2.4e-05
1506,SWAMI,3057.0,2660,794,0.000137
1507,QUOTA,3056.5,2730,653,0.000958
1508,CHIRP,3056.0,2649,814,5.6e-05
1509,CHURN,3055.5,2662,787,0.000123
1510,CATTY,3054.0,2496,1116,1.9e-05
1511,BLANK,3054.0,2567,974,0.002185
1512,CLAMP,3054.0,2640,828,0.00045
1513,LOFTY,3053.0,2606,894,0.000806
1514,SPAWN,3052.5,2609,887,0.00018
1515,HELIX,3052.0,2758,588,0.000293
1516,DISCO,3051.0,2751,600,0.000109
1517,FLUKE,3050.5,2562,977,8e-05
1518,SMALL,3050.0,2537,1026,0.049786
1519,COULD,3050.0,2589,922,0.108877
1520,TENET,3050.0,2501,1098,0.000136
1521,MINTY,3049.0,2575,948,2.3e-05
1522,CACTI,3048.0,2694,708,6.1e-05
1523,DRILL,3047.5,2567,961,0.001709
1524,UPPER,3047.5,2707,681,0.012443
1525,THEME,3047.0,2567,960,0.002981
1526,THROW,3046.5,2744,605,0.002851
1527,GROWL,3046.5,2644,805,0.00014
1528,STUDY,3046.0,2526,1040,0.039294
1529,GOURD,3045.5,2632,827,0.000104
1530,CANON,3045.5,2595,901,0.001168
1531,ENJOY,3045.0,2716,658,0.003938
1532,AMONG,3045.0,2723,644,0.038164
1533,SHIFT,3044.5,2513,1063,0.004662
1534,WOVEN,3043.0,2614,858,0.000793
1535,ERROR,3042.0,2622,840,0.009987
1536,BALMY,3041.5,2531,1021,7.7e-05
1537,SLUNG,3041.5,2565,953,0.000166
1538,DEUCE,3041.5,2497,1089,7e-05
1539,WRACK,3041.0,2582,918,2.4e-05
1540,MECCA,3040.5,2732,617,0.000267
1541,PETTY,3040.0,2542,996,0.001089
1542,FLASK,3038.5,2576,925,0.000628
1543,CHALK,3037.5,2576,923,0.0007
1544,BAYOU,3035.5,2716,639,0.000248
1545,IMBUE,3035.0,2719,632,3.2e-05
1546,GRIMY,3034.0,2494,1080,7e-05
1547,EKING,3033.5,2748,571,1.5e-05
1548,GAMUT,3033.5,2626,815,0.000119
1549,SWELL,3030.5,2579,903,0.000663
1550,TRYST,3030.5,2596,869,3.2e-05
1551,ELEGY,3029.5,2585,889,0.000138
1552,SCAMP,3029.5,2612,835,3e-05
1553,TRUCK,3028.0,2606,844,0.00359
1554,CLING,3027.5,2584,887,0.000348
1555,ENDOW,3027.5,2836,383,0.00012
1556,ARROW,3025.5,2666,719,0.001341
1557,TROOP,3023.5,2600,847,0.000643
1558,ADMIN,3022.5,2768,509,0.000452
1559,DATUM,3022.0,2697,650,0.000321
1560,EXILE,3021.0,2553,936,0.001019
1561,ROUGH,3020.0,2639,762,0.003283
1562,WEAVE,3020.0,2472,1096,0.00033
1563,GOUGE,3019.5,2491,1057,6.3e-05
1564,SCUBA,3019.5,2691,657,8.2e-05
1565,LOGIC,3019.0,2708,622,0.003336
1566,CYCLE,3019.0,2589,860,0.005338
1567,TRUSS,3018.0,2624,788,0.000271
1568,BUTTE,3018.0,2503,1030,0.000342
1569,VENOM,3016.5,2719,595,0.000225
1570,ILIAC,3013.5,2667,693,0.000204
1571,EVERY,3013.0,2624,778,0.052408
1572,SYRUP,3013.0,2669,688,0.000567
1573,LILAC,3010.5,2714,593,0.000163
1574,SYNOD,3010.0,2623,774,0.00052
1575,CLOUD,3009.5,2589,841,0.002574
1576,BLESS,3008.5,2630,757,0.000918
1577,BRUSH,3007.5,2551,913,0.001892
1578,DROWN,3006.0,2618,776,0.000245
1579,STOMP,3003.5,2599,809,4e-05
1580,NEEDY,3003.0,2559,888,0.000514
1581,QUEER,3002.5,2545,915,0.000569
1582,STUNG,3002.0,2587,830,0.0002
1583,QUASI,3002.0,2654,696,0.001091
1584,MIDST,3001.5,2598,807,0.001875
1585,ROCKY,3000.5,2571,859,0.001662
1586,GUSTO,2999.5,2711,577,8.2e-05
1587,BLEED,2999.0,2506,986,0.000286
1588,KNEEL,2998.5,2620,757,0.000186
1589,SCRUM,2998.0,2652,692,3.9e-05
1590,CRIMP,2997.5,2570,855,5.1e-05
1591,BRINK,2997.5,2497,1001,0.000356
1592,SILLY,2997.0,2395,1204,0.000825
1593,NOBLY,2996.0,2547,898,0.000185
1594,SOOTH,2995.5,2414,1163,7.3e-05
1595,ANNOY,2995.0,2565,860,0.000141
1596,HYMEN,2992.0,2692,600,5.6e-05
1597,AMPLY,2990.5,2610,761,0.000462
1598,LEDGE,2989.5,2539,901,0.000426
1599,GROUP,2988.5,2607,763,0.039027
1600,SNOWY,2988.0,2446,1084,0.00028
1601,SCOWL,2987.0,2573,828,9e-05
1602,ATTIC,2984.5,2726,517,0.000428
1603,BEGET,2983.0,2457,1052,8.3e-05
1604,STOUT,2983.0,2473,1020,0.000938
1605,SHOOT,2982.5,2414,1137,0.001605
1606,FRISK,2982.0,2506,952,3.5e-05
1607,BIRCH,2982.0,2570,824,0.000643
1608,SHRUG,2981.5,2584,795,0.0002
1609,WATCH,2981.0,2589,784,0.005303
1610,SLUNK,2980.5,2468,1025,3.7e-05
1611,RUMBA,2980.0,2761,438,1.4e-05
1612,VERGE,2979.5,2507,945,0.000413
1613,GRILL,2978.5,2496,965,0.000271
1614,OPTIC,2977.0,2776,402,0.000758
1615,BELLY,2977.0,2451,1052,0.000879
1616,TEDDY,2977.0,2528,898,0.000284
1617,WAGON,2975.5,2618,715,0.001321
1618,MACHO,2975.5,2699,553,7.5e-05
1619,FLANK,2975.0,2507,936,0.000631
1620,DOING,2974.5,2535,879,0.015094
1621,TWANG,2974.0,2613,722,3.4e-05
1622,WOMAN,2974.0,2617,714,0.017971
1623,MOTOR,2973.5,2553,841,0.009718
1624,EMBER,2972.0,2624,696,8e-05
1625,WEIGH,2969.0,2568,802,0.000953
1626,BEGUN,2968.5,2622,693,0.003975
1627,FENCE,2967.5,2425,1085,0.00158
1628,PASTA,2967.5,2604,727,0.000271
1629,HUMOR,2967.5,2638,659,0.00118
1630,CLINK,2966.5,2487,959,4.6e-05
1631,MOCHA,2965.5,2699,533,4e-05
1632,DUSTY,2965.5,2526,879,0.000484
1633,COACH,2965.0,2430,1070,0.001647
1634,VIRUS,2964.5,2702,525,0.002935
1635,WORDY,2964.5,2486,957,3.9e-05
1636,BIGOT,2963.0,2550,826,5.5e-05
1637,MONTH,2961.5,2562,799,0.014783
1638,MANGY,2961.0,2467,988,2.1e-05
1639,BLOND,2959.0,2501,916,0.00039
1640,DROSS,2957.0,2543,828,7.9e-05
1641,GAUDY,2955.5,2447,1017,0.000119
1642,SMACK,2955.0,2469,972,0.000138
1643,WRONG,2954.5,2547,815,0.008281
1644,JERKY,2954.5,2533,843,7.5e-05
1645,TRUMP,2953.5,2601,705,0.000278
1646,PIQUE,2952.5,2529,847,6.5e-05
1647,LIGHT,2952.0,2634,636,0.030858
1648,YOUTH,2951.0,2588,726,0.006791
1649,DOWRY,2951.0,2486,930,0.000189
1650,FLAIL,2951.0,2474,954,4.9e-05
1651,SCRUB,2950.5,2620,661,0.000372
1652,TOPAZ,2950.5,2625,651,7.7e-05
1653,BLIND,2944.5,2475,939,0.003498
1654,BLEEP,2943.0,2481,924,1.1e-05
1655,THONG,2942.5,2563,759,7.7e-05
1656,PRICK,2942.5,2474,937,0.00017
1657,DONOR,2941.5,2506,871,0.001262
1658,TABOO,2941.5,2592,699,0.000209
1659,CROWD,2941.5,2516,851,0.002887
1660,STUNK,2941.0,2490,902,9e-06
1661,WRING,2940.0,2521,838,8.1e-05
1662,BASAL,2940.0,2503,874,0.00152
1663,FLECK,2939.5,2552,775,5.3e-05
1664,EVENT,2937.5,2588,699,0.009489
1665,GROWN,2937.0,2547,780,0.005739
1666,GAFFE,2936.5,2486,901,1e-05
1667,BLACK,2936.0,2465,942,0.022598
1668,CRACK,2935.0,2418,1034,0.001726
1669,DALLY,2934.5,2408,1053,0.00011
1670,GECKO,2934.5,2672,525,2.3e-05
1671,TOXIN,2934.0,2570,728,0.00042
1672,LARVA,2934.0,2603,662,0.000474
1673,ROBOT,2933.5,2521,825,0.000608
1674,SHRUB,2933.5,2551,765,0.000432
1675,BROWN,2933.0,2514,838,0.01304
1676,CANNY,2931.5,2339,1185,5.7e-05
1677,AWAIT,2931.5,2481,901,0.000595
1678,PRIVY,2931.5,2390,1083,0.000856
1679,UMBRA,2931.0,2761,340,3e-05
1680,GLASS,2930.0,2516,828,0.009774
1681,MAGIC,2928.5,2595,667,0.00219
1682,CHILD,2928.0,2484,888,0.025042
1683,THING,2928.0,2537,782,0.021031
1684,VIGOR,2927.5,2600,655,0.000606
1685,HONOR,2927.5,2513,829,0.004434
1686,FATAL,2926.5,2493,867,0.002192
1687,FEWER,2925.0,2459,932,0.002622
1688,PATTY,2924.5,2395,1059,0.000194
1689,SIXTY,2923.5,2383,1081,0.003726
1690,WHELP,2923.5,2613,621,2.2e-05
1691,UNFED,2923.5,2633,581,1.5e-05
1692,THRUM,2923.0,2633,580,1.8e-05
1693,AGLOW,2921.0,2715,412,4.2e-05
1694,ENNUI,2920.5,2726,389,5.6e-05
1695,AFOOT,2920.0,2532,776,0.0001
1696,INPUT,2918.5,2662,513,0.005152
1697,SLOSH,2918.0,2360,1116,1.3e-05
1698,PENNY,2917.5,2385,1065,0.001031
1699,RABBI,2916.0,2666,500,0.000612
1700,INDEX,2915.0,2654,522,0.010493
1701,BONUS,2912.5,2559,707,0.001086
1702,ANNEX,2912.0,2567,690,0.00097
1703,UNWED,2911.0,2620,582,4.3e-05
1704,BUDGE,2909.5,2444,931,0.000153
1705,KOALA,2909.0,2494,830,2e-05
1706,ROWDY,2907.5,2486,843,6.9e-05
1707,AWAKE,2906.5,2423,967,0.001049
1708,TYING,2906.0,2576,660,0.000397
1709,FLAKY,2905.0,2375,1060,4.9e-05
1710,CHESS,2905.0,2542,726,0.000476
1711,FILTH,2903.0,2541,724,0.000249
1712,CLOWN,2902.0,2504,796,0.000239
1713,FLOOR,2900.0,2439,922,0.009808
1714,BANAL,2899.5,2434,931,8.6e-05
1715,GODLY,2899.5,2402,995,0.000265
1716,USUAL,2899.5,2634,531,0.008136
1717,DODGE,2897.5,2416,963,0.00073
1718,GUSTY,2896.5,2455,883,3.3e-05
1719,FRILL,2895.5,2403,985,3.5e-05
1720,MORPH,2895.0,2527,736,5.7e-05
1721,PHONY,2895.0,2358,1074,9.2e-05
1722,EPOXY,2894.5,2523,743,0.000325
1723,FEVER,2891.5,2414,955,0.003217
1724,MUSTY,2891.5,2454,875,9.6e-05
1725,RAZOR,2890.0,2508,764,0.000318
1726,HUMAN,2888.5,2585,607,0.031521
1727,GROSS,2888.0,2472,832,0.006647
1728,QUILT,2887.5,2443,889,0.000227
1729,APHID,2887.0,2644,486,0.000133
1730,DRAMA,2885.5,2478,815,0.002492
1731,MOUTH,2883.5,2470,827,0.008085
1732,JOUST,2883.0,2439,888,1.9e-05
1733,ALOOF,2880.5,2510,741,0.000248
1734,FREER,2880.5,2326,1109,0.00026
1735,BRICK,2879.5,2395,969,0.002624
1736,ANNUL,2878.5,2578,601,0.000146
1737,WHEEL,2878.0,2440,876,0.003664
1738,SULKY,2876.5,2336,1081,6.9e-05
1739,JUNTA,2876.0,2604,544,0.000178
1740,CATCH,2875.0,2425,900,0.003408
1741,STOOD,2874.5,2407,935,0.009056
1742,TOUGH,2874.0,2471,806,0.001535
1743,PITHY,2873.5,2451,845,5.7e-05
1744,SAPPY,2872.0,2302,1140,1.7e-05
1745,WHARF,2871.0,2517,708,0.000676
1746,ENEMY,2871.0,2487,768,0.006623
1747,RIGOR,2870.5,2512,717,0.000189
1748,STUNT,2870.0,2349,1042,0.000125
1749,THINK,2867.0,2440,854,0.043532
1750,MOLDY,2866.5,2401,931,3.9e-05
1751,PIVOT,2866.0,2478,776,0.000388
1752,LUCID,2865.0,2563,604,0.000262
1753,BOOST,2862.5,2303,1119,0.000598
1754,BATTY,2861.5,2316,1091,3.7e-05
1755,DITCH,2861.0,2506,710,0.000889
1756,SHOWN,2860.5,2407,907,0.026565
1757,SWEEP,2860.0,2380,960,0.00093
1758,BASIS,2859.5,2484,751,0.021556
1759,SLOOP,2858.0,2360,996,0.000188
1760,TWEED,2858.0,2455,806,0.000207
1761,HYDRO,2857.0,2670,374,0.000599
1762,FLACK,2857.0,2405,904,4.6e-05
1763,AXIOM,2856.0,2559,594,0.000261
1764,FROWN,2854.0,2454,800,0.000327
1765,DELVE,2853.5,2388,931,8.8e-05
1766,BOTCH,2853.0,2428,850,1.2e-05
1767,LYING,2853.0,2554,598,0.004177
1768,MANIA,2851.5,2467,769,0.000261
1769,PITCH,2851.0,2481,740,0.001908
1770,AUGUR,2849.0,2506,686,5.3e-05
1771,PLUSH,2847.0,2440,814,0.000124
1772,DOUBT,2847.0,2431,832,0.011503
1773,MINUS,2846.5,2565,563,0.000992
1774,SHOWY,2845.5,2275,1141,0.000146
1775,LEGGY,2841.5,2424,835,1.4e-05
1776,AMISS,2841.5,2516,651,0.000199
1777,HAVOC,2841.5,2549,585,0.000246
1778,AGAIN,2840.5,2468,745,0.039001
1779,VENUE,2839.5,2377,925,0.00058
1780,MORON,2839.5,2434,811,5e-05
1781,GUILD,2839.0,2416,846,0.000721
1782,DOGMA,2839.0,2545,588,0.000335
1783,SPOOL,2838.0,2360,956,0.000146
1784,BUILD,2835.0,2383,904,0.006467
1785,USING,2835.0,2566,538,0.029605
1786,KRILL,2834.0,2399,870,4.5e-05
1787,OZONE,2834.0,2389,890,0.000768
1788,ARRAY,2834.0,2286,1096,0.002175
1789,POUND,2833.5,2391,885,0.003472
1790,TEPEE,2832.0,2242,1180,2.5e-05
1791,ITCHY,2831.5,2552,559,4.4e-05
1792,ROOMY,2831.5,2302,1059,7.3e-05
1793,ALBUM,2831.0,2571,520,0.000685
1794,FUDGE,2830.5,2384,893,8.4e-05
1795,NIGHT,2830.0,2537,586,0.021009
1796,DRUNK,2830.0,2411,838,0.001233
1797,MOTIF,2829.5,2489,681,0.00045
1798,HOUND,2829.5,2423,813,0.000238
1799,SPILL,2828.5,2324,1009,0.000505
1800,DWARF,2828.5,2510,637,0.000535
1801,VOMIT,2828.0,2431,794,0.000143
1802,DINGO,2826.5,2535,583,2.4e-05
1803,TRUTH,2824.5,2396,857,0.012189
1804,DIMLY,2824.5,2375,899,0.000254
1805,AMAZE,2824.0,2361,926,6e-05
1806,STUCK,2823.0,2388,870,0.001428
1807,STAFF,2822.5,2418,809,0.015087
1808,TIBIA,2822.5,2509,627,0.000303
1809,ABBOT,2822.5,2524,597,0.000672
1810,SHOCK,2821.5,2314,1015,0.003418
1811,LUNCH,2820.0,2472,696,0.002137
1812,STOOP,2818.5,2382,873,0.000182
1813,MODEM,2818.5,2408,821,0.000563
1814,GHOUL,2818.5,2449,739,1.8e-05
1815,COLON,2817.5,2392,851,0.000819
1816,FORUM,2817.5,2467,701,0.001843
1817,QUARK,2816.5,2428,777,0.000198
1818,GUESS,2816.0,2474,684,0.002925
1819,FROCK,2815.0,2361,908,0.000142
1820,PROXY,2814.0,2305,1018,0.000581
1821,SWIFT,2810.5,2329,963,0.001565
1822,ALIBI,2807.5,2487,641,0.000141
1823,GASSY,2804.0,2287,1034,1.9e-05
1824,UNFIT,2801.0,2523,556,0.000575
1825,AVAIL,2801.0,2414,774,0.001261
1826,SULLY,2799.0,2205,1188,0.000119
1827,QUASH,2796.0,2385,822,0.000144
1828,FRITZ,2794.5,2389,811,0
1829,SALSA,2793.5,2286,1015,8.5e-05
1830,HATCH,2791.5,2406,771,0.000803
1831,SLUMP,2788.0,2361,854,0.000221
1832,ALLOW,2787.5,2487,601,0.010725
1833,CLUNG,2787.0,2394,786,0.000417
1834,UNDUE,2786.5,2437,699,0.000941
1835,SQUAD,2785.5,2378,815,0.000469
1836,BLUSH,2784.0,2361,846,0.00037
1837,VIXEN,2784.0,2432,704,3.8e-05
1838,FATTY,2782.5,2256,1053,0.00123
1839,TOXIC,2782.5,2468,629,0.001773
1840,SPIKY,2781.5,2226,1111,3.6e-05
1841,SWAMP,2778.5,2359,839,0.000704
1842,CURVY,2778.5,2301,955,1.9e-05
1843,GIPSY,2777.0,2323,908,0.000103
1844,REFER,2776.5,2326,901,0.00557
1845,BLINK,2774.0,2307,934,0.000176
1846,SIXTH,2771.0,2344,854,0.003559
1847,BOUND,2770.5,2312,917,0.007887
1848,MELEE,2769.5,2173,1193,4.2e-05
1849,CABAL,2769.5,2332,875,5.2e-05
1850,MOUND,2769.5,2344,851,0.000717
1851,WALTZ,2766.5,2446,641,0.000192
1852,BELLE,2762.0,2207,1110,0.00059
1853,GAYLY,2761.0,2274,974,3.7e-05
1854,CUMIN,2760.0,2394,732,7.4e-05
1855,CHAMP,2758.0,2372,772,0.000113
1856,OUGHT,2758.0,2471,574,0.008239
1857,CRUMP,2757.0,2380,754,7.2e-05
1858,EQUIP,2757.0,2529,456,0.00055
1859,BANJO,2756.0,2419,674,8.8e-05
1860,FLING,2756.0,2344,824,0.000196
1861,SMASH,2755.5,2247,1017,0.000189
1862,VAPID,2755.0,2415,680,3e-05
1863,DANDY,2754.5,2262,985,0.000138
1864,BINGO,2753.5,2431,645,0.000125
1865,BEECH,2753.0,2314,878,0.000367
1866,BEVEL,2752.0,2284,936,0.00016
1867,SWING,2752.0,2303,898,0.001247
1868,AWARD,2752.0,2373,758,0.005639
1869,TEETH,2751.5,2330,843,0.004313
1870,THICK,2749.0,2338,822,0.005507
1871,STUMP,2748.5,2383,731,0.000425
1872,PINCH,2745.0,2362,766,0.000459
1873,MUSIC,2743.5,2463,561,0.013035
1874,CURRY,2743.0,2213,1060,0.000396
1875,THEFT,2743.0,2364,758,0.001036
1876,LIMBO,2742.5,2527,431,0.000102
1877,CONIC,2742.5,2341,803,0.00013
1878,ADAPT,2741.5,2357,769,0.000955
1879,DRYLY,2740.5,2274,933,9.2e-05
1880,WOULD,2739.0,2336,806,0.205185
1881,DRUID,2738.5,2329,819,6.3e-05
1882,SMOKY,2737.5,2205,1065,0.00026
1883,ROTOR,2734.5,2315,839,0.000759
1884,POUCH,2732.0,2296,872,0.000322
1885,IDIOT,2731.5,2379,705,0.000372
1886,AGING,2730.0,2410,640,0.001686
1887,SPOON,2728.5,2263,931,0.000538
1888,YOUNG,2727.5,2391,673,0.027994
1889,DITTO,2726.0,2416,620,0.000701
1890,CHEEK,2725.0,2250,950,0.001345
1891,DINGY,2723.5,2279,889,0.000131
1892,APPLY,2722.0,2330,784,0.011601
1893,PARKA,2720.0,2357,726,3.3e-05
1894,TABBY,2716.5,2268,897,4.6e-05
1895,MOGUL,2715.0,2370,690,0.000108
1896,CROOK,2712.5,2236,953,0.000285
1897,HEDGE,2712.5,2271,883,0.000657
1898,CLACK,2711.5,2228,967,4.2e-05
1899,FLUID,2711.0,2323,776,0.005447
1900,BLOWN,2709.5,2324,771,0.001005
1901,DEBUG,2709.5,2444,531,7.4e-05
1902,SNUCK,2709.0,2269,880,4.5e-05
1903,DROOP,2707.5,2303,809,8.7e-05
1904,VILLA,2706.5,2416,581,0.000763
1905,KNEED,2705.0,2345,720,2.6e-05
1906,FLUSH,2705.0,2301,808,0.000658
1907,SNOOP,2704.5,2263,883,2.3e-05
1908,COYLY,2703.0,2187,1032,2.5e-05
1909,PENNE,2702.5,2141,1123,1.7e-05
1910,GEESE,2702.0,2146,1112,0.00036
1911,BOOTY,2701.0,2102,1198,0.000178
1912,WRUNG,2699.5,2331,737,0.000141
1913,WHINY,2699.0,2180,1038,1e-05
1914,WORRY,2695.0,2176,1038,0.002179
1915,QUALM,2693.0,2334,718,1.7e-05
1916,EJECT,2692.0,2365,654,9e-05
1917,FOUND,2691.5,2252,879,0.058872
1918,FOCUS,2691.0,2397,588,0.007177
1919,BROOD,2690.5,2224,933,0.000505
1920,SMOCK,2689.5,2235,909,6.4e-05
1921,DOLLY,2688.0,2174,1028,0.000267
1922,SPASM,2687.5,2215,945,0.000261
1923,KEBAB,2685.0,2440,490,1.2e-05
1924,DOWNY,2680.0,2199,962,0.000135
1925,IMPLY,2677.5,2350,655,0.001517
1926,COUGH,2677.5,2250,855,0.000761
1927,SUNNY,2676.5,2060,1233,0.00067
1928,BOOZE,2675.5,2107,1137,9.7e-05
1929,QUEEN,2674.5,2258,833,0.006703
1930,HOLLY,2674.0,2181,986,0.000508
1931,AVIAN,2673.5,2317,713,0.000229
1932,VINYL,2672.5,2403,539,0.000466
1933,CLIMB,2672.5,2301,743,0.001128
1934,COMMA,2671.5,2337,669,0.000279
1935,AXIAL,2671.5,2303,737,0.00109
1936,WEEDY,2670.5,2204,933,6.5e-05
1937,LOOPY,2670.5,2159,1023,1e-05
1938,BLOCK,2670.5,2231,879,0.006565
1939,NAVAL,2669.5,2316,707,0.00466
1940,WITCH,2669.5,2329,681,0.000648
1941,CROCK,2669.5,2184,971,4.6e-05
1942,VERVE,2669.0,2212,914,4.9e-05
1943,BYLAW,2669.0,2426,486,5.9e-05
1944,UNION,2669.0,2345,648,0.023609
1945,RADAR,2669.0,2240,858,0.001272
1946,RUMOR,2668.5,2321,695,0.000297
1947,SWILL,2668.0,2172,992,2.5e-05
1948,FISHY,2666.0,2262,808,4.8e-05
1949,CADDY,2665.0,2160,1010,5.4e-05
1950,UNIFY,2664.5,2272,785,0.000128
1951,GLOSS,2664.5,2282,765,0.000324
1952,DUTCH,2663.0,2316,694,0.00315
1953,SLUSH,2663.0,2144,1038,6.9e-05
1954,OPIUM,2663.0,2417,492,0.000768
1955,JETTY,2661.5,2224,875,0.000182
1956,JELLY,2661.5,2212,899,0.000385
1957,EXCEL,2660.5,2353,615,0.000537
1958,SKILL,2660.0,2181,958,0.003881
1959,FANNY,2660.0,2099,1122,0.000458
1960,LIMIT,2660.0,2280,760,0.007682
1961,DWELL,2656.5,2332,649,0.00101
1962,TAFFY,2655.5,2217,877,3.3e-05
1963,CRUMB,2655.5,2301,709,9.1e-05
1964,IONIC,2655.5,2336,639,0.000696
1965,CRICK,2655.0,2158,994,7.7e-05
1966,SAVVY,2654.5,2091,1127,0.000106
1967,SWASH,2653.5,2142,1023,2.4e-05
1968,OCCUR,2653.5,2438,431,0.010216
1969,WOUND,2652.0,2239,826,0.002752
1970,FILMY,2651.0,2211,880,3.4e-05
1971,EVOKE,2650.5,2247,807,0.000282
1972,BLITZ,2650.0,2259,782,7.7e-05
1973,CHILL,2647.5,2185,925,0.000647
1974,OFFAL,2646.5,2451,391,8.2e-05
1975,BLISS,2646.0,2223,846,0.00074
1976,OWING,2645.0,2358,574,0.004
1977,RUGBY,2644.5,2272,745,0.00026
1978,MURKY,2644.0,2207,874,0.00012
1979,FUROR,2642.5,2229,827,5e-05
1980,JUNTO,2639.5,2370,539,2.3e-05
1981,FLOWN,2630.5,2264,733,0.000486
1982,AWFUL,2629.0,2406,446,0.001219
1983,SASSY,2627.5,1990,1275,3.2e-05
1984,MILKY,2626.5,2207,839,0.000259
1985,FICUS,2626.0,2371,510,5.4e-05
1986,TWIST,2625.5,2184,883,0.000777
1987,DILLY,2623.0,2148,950,3e-05
1988,DITTY,2623.0,2160,926,4.2e-05
1989,FOLIO,2621.0,2250,742,0.000716
1990,BEZEL,2620.0,2171,898,1.8e-05
1991,GOLLY,2619.0,2103,1032,2.6e-05
1992,BAWDY,2619.0,2151,936,5.1e-05
1993,KARMA,2619.0,2310,618,0.000219
1994,GEEKY,2618.0,2142,952,0
1995,GOING,2617.5,2176,883,0.029257
1996,TWEET,2616.5,2146,941,3.4e-05
1997,TODDY,2615.0,2147,936,4.3e-05
1998,MIGHT,2615.0,2287,656,0.050162
1999,SPUNK,2611.0,2168,886,2.2e-05
2000,ICILY,2610.0,2177,866,1.8e-05
2001,PUSHY,2610.0,2211,798,2.8e-05
2002,HURRY,2609.5,2144,931,0.001109
2003,FAUNA,2609.5,2185,849,0.000858
2004,HILLY,2609.0,2155,908,0.000256
2005,BEEFY,2608.0,2113,990,2.5e-05
2006,PINKY,2606.0,2157,898,4.2e-05
2007,WISPY,2605.5,2217,777,3.2e-05
2008,QUELL,2605.0,2254,702,0.000104
2009,FINCH,2603.0,2223,760,0.000306
2010,WINDY,2599.5,2173,853,0.000205
2011,PLUNK,2596.5,2196,801,1.1e-05
2012,ALLAY,2596.0,2107,978,0.000143
2013,SHYLY,2595.0,2063,1064,8.4e-05
2014,JUDGE,2594.0,2205,778,0.013064
2015,WACKY,2593.5,2163,861,2.3e-05
2016,FLOCK,2591.5,2171,841,0.000899
2017,SOGGY,2590.5,2015,1151,6.1e-05
2018,BUTCH,2590.0,2212,756,9.5e-05
2019,DYING,2590.0,2279,622,0.002466
2020,NINTH,2586.5,2261,651,0.001941
2021,ALPHA,2586.0,2342,488,0.001476
2022,GROOM,2584.5,2185,799,0.000363
2023,BLIMP,2581.5,2200,763,1.7e-05
2024,FLOSS,2581.5,2189,785,7.4e-05
2025,BROOM,2580.5,2152,857,0.000337
2026,SCOOP,2579.0,2161,836,0.000209
2027,FLICK,2577.0,2145,864,0.000144
2028,TATTY,2576.0,2051,1050,1.3e-05
2029,GULCH,2572.5,2223,699,0.000133
2030,PIXIE,2572.0,2105,934,2.9e-05
2031,WOOLY,2572.0,2007,1130,1.6e-05
2032,WIDTH,2570.0,2253,634,0.004041
2033,RAJAH,2569.5,2214,711,0.000152
2034,PAGAN,2569.0,2167,804,0.000632
2035,SWOON,2568.0,2111,914,5.7e-05
2036,MULCH,2567.5,2222,691,0.00016
2037,SHUCK,2566.5,2098,937,2.5e-05
2038,NUTTY,2566.0,2148,836,4.1e-05
2039,BLURB,2564.5,2215,699,2.3e-05
2040,QUOTH,2564.5,2201,727,0.000155
2041,WINCH,2563.5,2210,707,0.000196
2042,AWASH,2561.0,2162,798,6.2e-05
2043,EXPEL,2560.0,2252,616,0.000232
2044,DOUGH,2558.0,2174,768,0.000516
2045,VODKA,2555.5,2298,515,0.000153
2046,BOSSY,2553.5,2020,1067,4.1e-05
2047,MOSSY,2552.5,2052,1001,0.0001
2048,BITTY,2550.0,2056,988,1.4e-05
2049,BILLY,2550.0,2044,1012,0.001059
2050,WRYLY,2549.0,2097,904,7e-05
2051,BOOTH,2548.5,2063,971,0.001049
2052,BUSHY,2547.0,2132,830,0.00016
2053,PUNCH,2547.0,2172,750,0.000915
2054,MUSHY,2546.0,2164,764,4e-05
2055,PROOF,2543.5,2139,809,0.007648
2056,STIFF,2542.5,2158,769,0.001133
2057,LUCKY,2538.5,2165,747,0.001328
2058,FIGHT,2537.0,2195,684,0.005472
2059,QUIRK,2536.5,2168,737,8.3e-05
2060,FOLLY,2536.0,2010,1052,0.000848
2061,PADDY,2535.5,2059,953,0.000395
2062,WEDGE,2535.0,2087,896,0.000651
2063,LUMPY,2533.5,2160,747,7.2e-05
2064,CLUMP,2533.5,2190,687,0.000158
2065,CHILI,2528.5,2138,781,0.000266
2066,CONCH,2522.5,2072,901,0.000103
2067,WHACK,2521.5,2124,795,5.7e-05
2068,NYLON,2520.5,2304,433,0.000382
2069,BROOK,2520.0,2056,928,0.001084
2070,CABBY,2520.0,2047,946,1.2e-05
2071,KIOSK,2519.0,2145,748,5.6e-05
2072,IGLOO,2516.5,2343,347,2.3e-05
2073,FLUNG,2515.5,2154,723,0.000644
2074,LEVEL,2514.0,2089,850,0.031296
2075,SWUNG,2511.5,2113,797,0.000799
2076,CACAO,2511.0,2122,778,0.000136
2077,COMFY,2506.5,2038,937,3.1e-05
2078,PHOTO,2504.5,2142,725,0.002601
2079,RIGID,2498.5,2174,649,0.002033
2080,RUDDY,2498.0,2099,798,0.000166
2081,COCOA,2498.0,2134,728,0.000607
2082,CHECK,2498.0,2107,782,0.007928
2083,WIGHT,2497.5,2182,631,0.000282
2084,SKIMP,2490.5,2108,765,1.1e-05
2085,MISSY,2487.5,2026,923,7.8e-05
2086,CONDO,2487.5,2117,741,8.4e-05
2087,VOUCH,2486.0,2099,774,8.4e-05
2088,BOUGH,2485.0,2070,830,0.000133
2089,BUNCH,2484.0,2093,782,0.000867
2090,HAPPY,2484.0,2062,844,0.007207
2091,JUICY,2483.5,1991,985,0.000159
2092,MUNCH,2483.0,2125,716,7.6e-05
2093,HITCH,2480.0,2146,668,0.000212
2094,SUSHI,2479.5,2145,669,5.4e-05
2095,PLUCK,2478.5,2094,769,0.000219
2096,OUTDO,2478.0,2246,464,4.6e-05
2097,USURP,2473.0,2263,420,9.1e-05
2098,FURRY,2471.5,1973,997,7.9e-05
2099,KNOLL,2471.5,2138,667,0.000156
2100,FILLY,2471.0,1984,974,5.4e-05
2101,JEWEL,2470.0,2090,760,0.000418
2102,FUGUE,2469.5,2024,891,0.000109
2103,VISIT,2469.5,2102,735,0.007958
2104,BLOOD,2467.0,2034,866,0.017043
2105,PICKY,2463.5,2055,817,2.4e-05
2106,MANGA,2463.5,2120,687,4.5e-05
2107,EMBED,2460.0,2159,602,6.9e-05
2108,DUSKY,2458.5,2061,795,0.000273
2109,PUPIL,2458.0,2110,696,0.002058
2110,CINCH,2457.5,2046,823,3.6e-05
2111,ODDLY,2456.0,2125,662,0.000302
2112,LOWLY,2456.0,1997,918,0.000249
2113,COMIC,2454.5,2091,727,0.000902
2114,FLUNK,2454.5,2057,795,1e-05
2115,MAFIA,2453.5,2125,657,0.000152
2116,ABYSS,2450.0,2254,392,0.00027
2117,FORGO,2448.5,2093,711,8.2e-05
2118,KNACK,2448.0,2110,676,0.000113
2119,GAWKY,2448.0,2016,864,1.3e-05
2120,SHOOK,2447.5,1949,997,0.002839
2121,CLOCK,2446.0,1994,904,0.002124
2122,COUCH,2444.5,1980,929,0.000832
2123,PUBIC,2444.5,2159,571,0.000134
2124,HUSKY,2444.5,2068,753,0.000146
2125,HUMID,2442.5,2147,591,0.000343
2126,ASSAY,2438.0,2057,762,0.001029
2127,DUCHY,2437.0,2065,744,0.000248
2128,MAMBO,2434.0,2157,554,2.1e-05
2129,THUMP,2434.0,2143,582,0.00011
2130,FJORD,2434.0,2110,648,8.9e-05
2131,WITTY,2431.5,1983,897,0.000321
2132,HOWDY,2431.5,2028,807,2.6e-05
2133,CLICK,2431.5,1968,927,0.002275
2134,WILLY,2431.5,1971,921,0.00023
2135,CHUNK,2430.0,2029,802,0.000189
2136,BULKY,2429.5,1985,889,0.000292
2137,SNIFF,2428.5,2039,779,0.000104
2138,QUACK,2427.5,2039,777,0.000101
2139,FUNGI,2427.0,2155,544,0.000791
2140,DULLY,2425.0,1958,934,4.6e-05
2141,EMCEE,2423.5,1974,899,1.2e-05
2142,WHISK,2423.0,2035,776,0.000127
2143,SKULL,2419.5,1991,857,0.001179
2144,LOBBY,2417.0,2012,810,0.000686
2145,PUTTY,2415.0,1945,940,9.9e-05
2146,OUTGO,2410.5,2175,471,3.4e-05
2147,KITTY,2409.5,1992,835,0.000345
2148,KHAKI,2407.0,2139,536,0.000118
2149,JUROR,2406.0,2050,712,0.000385
2150,HUNKY,2404.0,1999,810,1.1e-05
2151,NANNY,2403.5,1895,1017,0.000137
2152,DIGIT,2401.0,2006,790,0.000643
2153,TIGHT,2399.0,2050,698,0.002445
2154,POOCH,2396.0,1921,950,1.1e-05
2155,PAPAL,2392.5,1983,819,0.0006
2156,POLYP,2391.5,2096,591,6.6e-05
2157,BAGGY,2390.0,1898,984,6.3e-05
2158,FIFTY,2389.0,1957,864,0.006734
2159,FLOOD,2388.0,1974,828,0.003492
2160,THIGH,2385.0,1999,772,0.000581
2161,MUSKY,2384.5,1989,791,3.1e-05
2162,UNCUT,2382.5,2127,511,0.000186
2163,SPOOK,2374.0,1917,914,3.4e-05
2164,SWISH,2373.5,1882,983,4.8e-05
2165,GOODY,2373.0,1838,1070,7.7e-05
2166,NINJA,2370.0,2150,440,3e-05
2167,MOODY,2368.0,1837,1062,0.000534
2168,SQUIB,2366.0,2014,704,2.1e-05
2169,PLAZA,2365.0,2000,730,0.00081
2170,GLOOM,2361.0,1995,732,0.000542
2171,CYNIC,2358.0,2085,546,7.3e-05
2172,BLOOM,2357.0,1962,790,0.001143
2173,GULLY,2356.0,1887,938,0.00018
2174,BULLY,2352.0,1854,996,0.000211
2175,LLAMA,2351.0,1989,724,4.6e-05
2176,HUSSY,2349.5,1915,869,2.1e-05
2177,TIMID,2348.5,2005,687,0.00039
2178,IDYLL,2348.0,2148,400,5.2e-05
2179,GLYPH,2347.5,2082,531,3.1e-05
2180,LIPID,2340.5,2030,621,0.000727
2181,SKULK,2335.5,1928,815,1.2e-05
2182,SPOOF,2334.5,1921,827,2.2e-05
2183,VYING,2334.0,2057,554,5.4e-05
2184,THUMB,2332.5,2064,537,0.001083
2185,TOOTH,2331.5,1858,947,0.001499
2186,SWOOP,2328.0,1908,840,7.1e-05
2187,INBOX,2327.5,2169,317,2.8e-05
2188,CLIFF,2327.5,1965,725,0.000949
2189,SCOFF,2317.5,1963,709,5.2e-05
2190,SLYLY,2317.0,1757,1120,5.5e-05
2191,SISSY,2316.0,1730,1172,6.1e-05
2192,CHAFF,2311.5,1957,709,0.000177
2193,PUDGY,2306.5,1886,841,2.7e-05
2194,PULPY,2306.0,1880,852,3.5e-05
2195,PLUMB,2302.5,2010,585,0.000188
2196,STUFF,2302.0,1968,668,0.002212
2197,JOLLY,2299.5,1831,937,0.000375
2198,ONION,2298.0,1970,656,0.000662
2199,LUPUS,2296.5,2073,447,0.000239
2200,CIVIL,2289.5,1909,761,0.015606
2201,BOSOM,2287.0,1934,706,0.000754
2202,AMASS,2284.5,1939,691,5e-05
2203,HUTCH,2282.0,1956,652,5.6e-05
2204,UNDID,2277.5,2042,471,5.6e-05
2205,WIMPY,2277.0,1898,758,1.2e-05
2206,MYRRH,2275.5,1986,579,6.1e-05
2207,HIPPO,2275.5,2058,435,5.8e-05
2208,FULLY,2273.0,1794,958,0.01139
2209,DUMPY,2270.5,1885,771,2.1e-05
2210,FUNKY,2266.0,1828,876,4.4e-05
2211,LYMPH,2259.5,2081,357,0.000722
2212,IDIOM,2257.0,2010,494,0.000263
2213,ABACK,2251.5,1889,725,0.000129
2214,WOODY,2250.5,1732,1037,0.000495
2215,SKUNK,2248.5,1831,835,0.0001
2216,ICING,2244.5,1963,563,0.000198
2217,QUILL,2242.5,1847,791,0.000165
2218,CHUMP,2237.5,1922,631,1.5e-05
2219,FIFTH,2236.5,1918,637,0.005954
2220,GUAVA,2235.0,1878,714,3.9e-05
2221,MACAW,2235.0,1912,646,1.7e-05
2222,DODGY,2231.5,1779,905,1.7e-05
2223,BUNNY,2229.5,1709,1041,0.000142
2224,BONGO,2227.5,1866,723,2.7e-05
2225,MAXIM,2213.5,1902,623,0.000483
2226,GUMBO,2212.5,1991,443,3.7e-05
2227,FUSSY,2211.5,1744,935,6.8e-05
2228,KINKY,2208.5,1820,777,3.3e-05
2229,FEMME,2207.5,1744,927,0.000107
2230,OVOID,2204.5,1917,575,0.000141
2231,UNZIP,2202.5,2030,345,1.2e-05
2232,MUCKY,2201.5,1818,767,1.5e-05
2233,GOOFY,2192.0,1674,1036,3.6e-05
2234,CLUCK,2191.0,1778,826,1.9e-05
2235,SNUFF,2188.0,1849,678,0.000213
2236,KNOCK,2182.5,1876,613,0.000882
2237,HUNCH,2176.0,1837,678,9e-05
2238,HIPPY,2172.5,1802,741,1.7e-05
2239,DADDY,2172.0,1715,914,0.000731
2240,GIDDY,2165.0,1753,824,0.000139
2241,QUEUE,2164.5,1720,889,0.000394
2242,BIDDY,2161.0,1720,882,4.8e-05
2243,CUBIC,2157.0,1843,628,0.002284
2244,PIZZA,2155.0,1937,436,0.000366
2245,FUNNY,2150.5,1649,1003,0.001175
2246,CHOCK,2150.0,1726,848,4.4e-05
2247,QUICK,2147.5,1779,737,0.004359
2248,PIGGY,2141.5,1717,849,4.6e-05
2249,HOBBY,2140.0,1744,792,0.000361
2250,LIVID,2139.5,1833,613,0.000103
2251,NYMPH,2137.5,1984,307,0.000166
2252,CHICK,2135.5,1700,871,0.000463
2253,WIDOW,2135.5,1882,507,0.002442
2254,MOTTO,2126.0,1779,694,0.000444
2255,GRUFF,2122.0,1818,608,7.8e-05
2256,DOWDY,2097.5,1673,849,4.4e-05
2257,NINNY,2092.0,1635,914,1.4e-05
2258,MAMMY,2087.5,1638,899,6.8e-05
2259,PLUMP,2077.0,1762,630,0.000246
2260,VIGIL,2074.0,1762,624,0.000141
2261,FOGGY,2064.5,1604,921,0.000118
2262,WHICH,2061.5,1672,779,0.438066
2263,MUCUS,2060.0,1827,466,0.000312
2264,GYPSY,2049.5,1685,729,0.000283
2265,SKIFF,2044.0,1693,702,7.3e-05
2266,BOOZY,2009.5,1470,1079,9e-06
2267,MADAM,2003.0,1658,690,0.000826
2268,BUXOM,2001.0,1729,544,3.2e-05
2269,SHUSH,2000.0,1509,982,1.7e-05
2270,WHOOP,1996.5,1668,657,5.8e-05
2271,BOOBY,1989.5,1448,1083,5.9e-05
2272,AFFIX,1986.5,1817,339,0.000134
2273,HUMUS,1974.5,1758,433,0.00022
2274,BUDDY,1963.0,1530,866,0.000363
2275,MUDDY,1962.0,1562,800,0.000482
2276,TWIXT,1961.5,1604,715,6.6e-05
2277,DUMMY,1949.5,1555,789,0.000356
2278,GUPPY,1919.5,1534,771,3.4e-05
2279,KAYAK,1915.0,1601,628,5.5e-05
2280,POPPY,1895.5,1453,885,0.00024
2281,CHUCK,1895.0,1510,770,0.000456
2282,BLUFF,1894.5,1595,599,0.000587
2283,JUMBO,1893.0,1719,348,0.000111
2284,GAMMA,1892.5,1587,611,0.001158
2285,MAGMA,1891.5,1587,609,0.000245
2286,WOOZY,1891.0,1397,988,1.3e-05
2287,KNOWN,1890.5,1638,505,0.032
2288,JUMPY,1882.0,1542,680,3.1e-05
2289,GUMMY,1880.5,1484,793,4.8e-05
2290,BUGGY,1880.5,1448,865,0.0002
2291,MINIM,1853.5,1531,645,3.3e-05
2292,DIZZY,1825.5,1472,707,0.000226
2293,PUFFY,1820.0,1445,750,7.4e-05
2294,BOBBY,1813.5,1368,891,0.000537
2295,KAPPA,1787.0,1540,494,0.000336
2296,JAZZY,1748.5,1389,719,1.8e-05
2297,HUMPH,1737.0,1486,502,4.8e-05
2298,WHIFF,1720.5,1444,553,7.8e-05
2299,MIMIC,1708.0,1429,558,0.000243
2300,PYGMY,1697.0,1366,662,4.9e-05
2301,FIZZY,1673.5,1308,731,1.2e-05
2302,JIFFY,1639.5,1317,645,2.9e-05
2303,PUPPY,1632.5,1237,791,0.000255
2304,CIVIC,1611.5,1293,637,0.001477
2305,FLUFF,1604.5,1330,549,5.5e-05
2306,MAMMA,1590.0,1291,598,0.000349
2307,MUMMY,1578.0,1188,780,0.000211
2308,VIVID,1476.5,1192,569,0.000952
2309,FUZZY,1475.5,1118,715,0.000635
